200 0.004227700
200 0.002126200
200 0.003773300
200 0.001980700
200 0.004008100
200 0.004063100
200 0.004407800
200 0.000109100
200 0.001109900
200 0.001772400
200 0.001406900
200 0.001458800
200 0.002223900
200 0.003111200
200 0.001456700
200 0.001465900
200 0.001462400
200 0.002196400
200 0.001111700
200 0.001045300
200 0.001094500
200 0.001668800
200 0.000529600
200 0.000518500
200 0.000482500
200 0.000696100
200 0.003958200
200 0.003980500
200 0.004173700
200 0.003984500
200 0.004090600
200 0.004098200
200 0.003960000
400 0.014609300
400 0.008636100
400 0.015335400
400 0.006803900
400 0.014052800
400 0.014841300
400 0.013959400
400 0.000192900
400 0.002742900
400 0.005141600
400 0.004819000
400 0.004809500
400 0.008172200
400 0.011282500
400 0.005237900
400 0.004812600
400 0.004892600
400 0.007831300
400 0.003886400
400 0.003620400
400 0.003621700
400 0.006009800
400 0.001606500
400 0.001649900
400 0.001598600
400 0.002491300
400 0.014685700
400 0.014777500
400 0.014602500
400 0.014800400
400 0.014462800
400 0.014525700
400 0.014518100
600 0.032442900
600 0.016020100
600 0.025337000
600 0.014961400
600 0.031823000
600 0.031667200
600 0.031349300
600 0.000216000
600 0.004964800
600 0.011814300
600 0.010316200
600 0.010104000
600 0.017922800
600 0.023438400
600 0.011302000
600 0.010666600
600 0.010690400
600 0.017711300
600 0.008095600
600 0.007949300
600 0.007838300
600 0.011451800
600 0.003448400
600 0.004010400
600 0.003464100
600 0.005040500
600 0.032747400
600 0.032176100
600 0.032131000
600 0.032029200
600 0.031942500
600 0.031716000
600 0.032138900
800 0.057679600
800 0.028146200
800 0.041130700
800 0.024194000
800 0.054493800
800 0.053533100
800 0.055537600
800 0.000363300
800 0.008815300
800 0.019479900
800 0.017389100
800 0.017860400
800 0.030093200
800 0.041463500
800 0.019332300
800 0.017336200
800 0.018042500
800 0.030430700
800 0.014103800
800 0.012899800
800 0.012685600
800 0.021888100
800 0.005791200
800 0.007777200
800 0.005649200
800 0.008163400
800 0.055926700
800 0.056253200
800 0.055846900
800 0.055530200
800 0.055317500
800 0.055475600
800 0.055352700
1000 0.085614300
1000 0.043117800
1000 0.061385400
1000 0.034417300
1000 0.085542400
1000 0.085249400
1000 0.086015200
1000 0.000391000
1000 0.013148000
1000 0.030090700
1000 0.025820900
1000 0.026906900
1000 0.045119200
1000 0.063339200
1000 0.030095600
1000 0.026562800
1000 0.027378100
1000 0.046177700
1000 0.021663400
1000 0.019325200
1000 0.019654200
1000 0.033229600
1000 0.008902900
1000 0.008627400
1000 0.008805600
1000 0.011800000
1000 0.087335900
1000 0.086820700
1000 0.086248700
1000 0.085750000
1000 0.086747300
1000 0.088002000
1000 0.085907200
1200 0.124816100
1200 0.061903600
1200 0.081216700
1200 0.047611300
1200 0.123486400
1200 0.122759700
1200 0.123027700
1200 0.000484400
1200 0.014696400
1200 0.042813100
1200 0.036367000
1200 0.037251400
1200 0.065311800
1200 0.091198100
1200 0.043760600
1200 0.037029600
1200 0.037195900
1200 0.062928600
1200 0.030065200
1200 0.027639800
1200 0.027844300
1200 0.046487100
1200 0.012314000
1200 0.011861900
1200 0.012388800
1200 0.017534100
1200 0.123337000
1200 0.122920800
1200 0.122859800
1200 0.123624100
1200 0.123815100
1200 0.123107500
1200 0.122990400
1400 0.167085000
1400 0.083091000
1400 0.106298100
1400 0.064487300
1400 0.162767500
1400 0.162603800
1400 0.165896600
1400 0.000578200
1400 0.018529100
1400 0.057598700
1400 0.048045200
1400 0.048026700
1400 0.088024900
1400 0.121495400
1400 0.058200500
1400 0.047780700
1400 0.049375700
1400 0.087030100
1400 0.041175200
1400 0.037929800
1400 0.036884900
1400 0.060800500
1400 0.016943900
1400 0.015735700
1400 0.015662200
1400 0.021659500
1400 0.165810900
1400 0.167100100
1400 0.166482200
1400 0.166219900
1400 0.174087000
1400 0.168239600
1400 0.166883300
1600 0.216843900
1600 0.108029100
1600 0.134249800
1600 0.080467200
1600 0.209537600
1600 0.210263200
1600 0.209909900
1600 0.000626300
1600 0.024045000
1600 0.076892200
1600 0.059898100
1600 0.061829900
1600 0.112988900
1600 0.160837400
1600 0.075216700
1600 0.060663500
1600 0.060288800
1600 0.111263400
1600 0.052923600
1600 0.046763200
1600 0.047347400
1600 0.078217500
1600 0.021555300
1600 0.020309500
1600 0.020435400
1600 0.027303300
1600 0.217164700
1600 0.217445400
1600 0.217437400
1600 0.215606100
1600 0.215564300
1600 0.216975400
1600 0.216011600
1800 0.272213600
1800 0.135462900
1800 0.158130800
1800 0.098946900
1800 0.267959400
1800 0.268655100
1800 0.268282700
1800 0.000711600
1800 0.029856000
1800 0.094100800
1800 0.075057200
1800 0.077847000
1800 0.134672500
1800 0.203388700
1800 0.095148900
1800 0.076263500
1800 0.075632600
1800 0.139874600
1800 0.067466000
1800 0.057875700
1800 0.057537500
1800 0.096876200
1800 0.027275800
1800 0.025547000
1800 0.025784400
1800 0.036529000
1800 0.272648400
1800 0.274259700
1800 0.273099700
1800 0.276340900
1800 0.271613800
1800 0.274200600
1800 0.271407800
2000 0.337112800
2000 0.166572000
2000 0.190225100
2000 0.115085500
2000 0.334087600
2000 0.334072700
2000 0.334578400
2000 0.000739500
2000 0.035618500
2000 0.116035800
2000 0.091409700
2000 0.092428000
2000 0.170602600
2000 0.249162000
2000 0.117649900
2000 0.090018800
2000 0.093448100
2000 0.172933800
2000 0.082624800
2000 0.069575100
2000 0.070702600
2000 0.120102900
2000 0.033801000
2000 0.032541600
2000 0.032929800
2000 0.045094000
2000 0.336184900
2000 0.339021700
2000 0.334834300
2000 0.337927500
2000 0.335812100
2000 0.336994600
2000 0.335465800
2200 0.406877100
2200 0.203048000
2200 0.225297100
2200 0.138385500
2200 0.407463400
2200 0.404888700
2200 0.409444700
2200 0.000826200
2200 0.037990200
2200 0.141267500
2200 0.106744400
2200 0.111573700
2200 0.204680600
2200 0.297438100
2200 0.140918700
2200 0.108468300
2200 0.111918000
2200 0.207003600
2200 0.101529400
2200 0.085955100
2200 0.087162800
2200 0.142931100
2200 0.040747100
2200 0.037367600
2200 0.038897100
2200 0.053478700
2200 0.408452900
2200 0.405416500
2200 0.407694000
2200 0.406508500
2200 0.407867800
2200 0.409928500
2200 0.408513300
2400 0.484772100
2400 0.238063300
2400 0.248124100
2400 0.161577300
2400 0.483881900
2400 0.484262600
2400 0.482115500
2400 0.000969700
2400 0.042528300
2400 0.169444000
2400 0.124557600
2400 0.125629500
2400 0.240244900
2400 0.355979900
2400 0.166679700
2400 0.122776900
2400 0.123947700
2400 0.242099600
2400 0.118758800
2400 0.097512600
2400 0.098892500
2400 0.170270500
2400 0.048989700
2400 0.044340100
2400 0.045578700
2400 0.060198200
2400 0.482170500
2400 0.481763800
2400 0.484297200
2400 0.481137900
2400 0.483356300
2400 0.487101200
2400 0.485675500
2600 0.569150400
2600 0.282162600
2600 0.286136200
2600 0.181023300
2600 0.564055400
2600 0.562773000
2600 0.563086000
2600 0.001059900
2600 0.048451300
2600 0.195851100
2600 0.145026700
2600 0.145421000
2600 0.284288800
2600 0.417666300
2600 0.193796400
2600 0.145405800
2600 0.147062800
2600 0.284857500
2600 0.138781400
2600 0.111086700
2600 0.111432900
2600 0.196154900
2600 0.055952500
2600 0.050499700
2600 0.051091900
2600 0.069310800
2600 0.564610900
2600 0.567266700
2600 0.566324500
2600 0.565233800
2600 0.572332600
2600 0.567857800
2600 0.566290200
2800 0.658358000
2800 0.324856900
2800 0.310444200
2800 0.209543300
2800 0.646767400
2800 0.649832000
2800 0.647860900
2800 0.001081900
2800 0.056568800
2800 0.228757100
2800 0.162730500
2800 0.165922800
2800 0.324321700
2800 0.482031400
2800 0.226134100
2800 0.160256600
2800 0.164191300
2800 0.322540000
2800 0.159740500
2800 0.127280100
2800 0.127596400
2800 0.225079300
2800 0.065417200
2800 0.057108400
2800 0.058944900
2800 0.087095600
2800 0.657286400
2800 0.654619400
2800 0.655076800
2800 0.654077100
2800 0.656189200
2800 0.654664000
2800 0.656971600
3000 0.748493300
3000 0.371058900
3000 0.346793200
3000 0.229197400
3000 0.726937000
3000 0.728524200
3000 0.728763500
3000 0.001227000
3000 0.058420200
3000 0.259621900
3000 0.183695100
3000 0.179354100
3000 0.378904300
3000 0.559844400
3000 0.260032700
3000 0.181588500
3000 0.180367900
3000 0.379776300
3000 0.184497500
3000 0.139414800
3000 0.141086600
3000 0.258824900
3000 0.074204600
3000 0.064053300
3000 0.066136700
3000 0.093352300
3000 0.757711500
3000 0.749073800
3000 0.753525300
3000 0.756330600
3000 0.760675100
3000 0.752814700
3000 0.752520900
3200 0.852780800
3200 0.425208800
3200 0.379950700
3200 0.258956100
3200 0.833944200
3200 0.831262500
3200 0.834379400
3200 0.001339800
3200 0.068834500
3200 0.293606200
3200 0.206554600
3200 0.203347000
3200 0.424295600
3200 0.630836200
3200 0.298370200
3200 0.202910100
3200 0.200247100
3200 0.423704100
3200 0.209423600
3200 0.150518200
3200 0.151577200
3200 0.295640200
3200 0.084317900
3200 0.074147600
3200 0.073499600
3200 0.108873000
3200 0.851341700
3200 0.856135400
3200 0.852035100
3200 0.850768900
3200 0.855882900
3200 0.850215400
3200 0.857024300
3400 0.966887200
3400 0.475886100
3400 0.421248100
3400 0.296484100
3400 0.941621300
3400 0.946349100
3400 0.941904800
3400 0.001344100
3400 0.078844400
3400 0.332984900
3400 0.229138700
3400 0.232975800
3400 0.469637200
3400 0.711967400
3400 0.331685300
3400 0.223364900
3400 0.223280500
3400 0.475520200
3400 0.236999900
3400 0.177458500
3400 0.177883400
3400 0.330998500
3400 0.095126500
3400 0.084515500
3400 0.084676000
3400 0.123977900
3400 0.961237800
3400 0.961586900
3400 0.961087600
3400 0.960694200
3400 0.966141300
3400 0.964636100
3400 0.966799000
3600 1.078627700
3600 0.533169700
3600 0.454965200
3600 0.320254900
3600 1.063082600
3600 1.067062900
3600 1.063986200
3600 0.001382000
3600 0.088136000
3600 0.371847700
3600 0.250745900
3600 0.248878500
3600 0.533137400
3600 0.803004900
3600 0.373069100
3600 0.250277600
3600 0.247470500
3600 0.534337600
3600 0.268044800
3600 0.197787100
3600 0.196022500
3600 0.371024600
3600 0.107488600
3600 0.091520100
3600 0.092972700
3600 0.143903300
3600 1.080167400
3600 1.083320800
3600 1.079747600
3600 1.079662400
3600 1.079235800
3600 1.081404600
3600 1.079176900
3800 1.199179700
3800 0.596458500
3800 0.477534300
3800 0.339668200
3800 1.192870900
3800 1.190711200
3800 1.186319300
3800 0.001403100
3800 0.091376400
3800 0.413936600
3800 0.270090400
3800 0.268868500
3800 0.590907000
3800 0.878750700
3800 0.415426500
3800 0.274282000
3800 0.277482500
3800 0.584623200
3800 0.295595100
3800 0.211193900
3800 0.215355500
3800 0.412073500
3800 0.120028800
3800 0.102704400
3800 0.103953200
3800 0.152858200
3800 1.198059100
3800 1.201712600
3800 1.203534100
3800 1.195792000
3800 1.200420500
3800 1.206570100
3800 1.197583200
4000 1.329770500
4000 0.656534200
4000 0.537023900
4000 0.367681200
4000 1.321271500
4000 1.320064400
4000 1.328442600
4000 0.001511700
4000 0.103926500
4000 0.460082000
4000 0.301065600
4000 0.295993000
4000 0.649614000
4000 0.982927400
4000 0.459996100
4000 0.295910600
4000 0.295034000
4000 0.651945800
4000 0.326799200
4000 0.239463700
4000 0.244164900
4000 0.448170300
4000 0.131714000
4000 0.113589700
4000 0.114568100
4000 0.175778800
4000 1.346347300
4000 1.361193200
4000 1.334335900
4000 1.327368400
4000 1.325769400
4000 1.328828200
4000 1.329869400
4200 1.459793200
4200 0.729082700
4200 0.578994400
4200 0.394355300
4200 1.464648300
4200 1.466678300
4200 1.464446600
4200 0.001560300
4200 0.108255600
4200 0.508640900
4200 0.325306500
4200 0.323952100
4200 0.716549700
4200 1.110619200
4200 0.505819200
4200 0.315464100
4200 0.311226100
4200 0.722801500
4200 0.362749200
4200 0.259335600
4200 0.256349400
4200 0.502740400
4200 0.144340000
4200 0.126820600
4200 0.127944300
4200 0.202756700
4200 1.468704600
4200 1.467838400
4200 1.465538300
4200 1.465375600
4200 1.463840600
4200 1.467970500
4200 1.463393700
4400 1.608530400
4400 0.792562700
4400 0.606888600
4400 0.433057200
4400 1.599199900
4400 1.599306000
4400 1.609003900
4400 0.001787400
4400 0.116675100
4400 0.553921600
4400 0.347650300
4400 0.351180200
4400 0.791597100
4400 1.275375700
4400 0.553889400
4400 0.347553900
4400 0.342499700
4400 0.788574300
4400 0.396057800
4400 0.281784400
4400 0.282451100
4400 0.546298200
4400 0.158476300
4400 0.135255600
4400 0.137792400
4400 0.213279900
4400 1.605303000
4400 1.606812900
4400 1.609374000
4400 1.610984900
4400 1.611531000
4400 1.605865600
4400 1.604856400
4600 1.750992100
4600 0.869518900
4600 0.651688000
4600 0.469193800
4600 1.756804300
4600 1.747840800
4600 1.752412200
4600 0.001771000
4600 0.121777800
4600 0.605913500
4600 0.372439300
4600 0.370480500
4600 0.868658500
4600 1.407582200
4600 0.607290100
4600 0.368963400
4600 0.370448500
4600 0.865335000
4600 0.433612100
4600 0.301061800
4600 0.294382200
4600 0.589753000
4600 0.174225800
4600 0.146488200
4600 0.150148100
4600 0.228363900
4600 1.755224500
4600 1.752957400
4600 1.760724600
4600 1.760832600
4600 1.757741700
4600 1.752745800
4600 1.754549300
4800 1.908807600
4800 0.945940700
4800 0.681368900
4800 0.490827800
4800 1.904106200
4800 1.906514000
4800 1.905926800
4800 0.001935300
4800 0.119043300
4800 0.659531800
4800 0.384884800
4800 0.391964200
4800 0.946683900
4800 1.536420900
4800 0.657300700
4800 0.407527500
4800 0.398479700
4800 0.941534600
4800 0.471264200
4800 0.322970100
4800 0.323394000
4800 0.653457700
4800 0.189560300
4800 0.157640700
4800 0.162115400
4800 0.269175800
4800 1.912333600
4800 1.908915600
4800 1.913236700
4800 1.908102900
4800 1.910648300
4800 1.922729700
4800 1.914472500
5000 2.073635900
5000 1.021199400
5000 0.722525000
5000 0.519403500
5000 2.072902200
5000 2.073786900
5000 2.069841900
5000 0.001875400
5000 0.144205100
5000 0.714571400
5000 0.426948900
5000 0.425726600
5000 1.029282500
5000 1.730712100
5000 0.712278000
5000 0.422826500
5000 0.423153000
5000 1.031693600
5000 0.511798700
5000 0.335631800
5000 0.340358300
5000 0.720622300
5000 0.207362900
5000 0.169647900
5000 0.173012700
5000 0.296322800
5000 2.077696900
5000 2.073536300
5000 2.074849700
5000 2.074168200
5000 2.076888600
5000 2.073461200
5000 2.076457600
5200 2.240792200
5200 1.109318600
5200 0.779708500
5200 0.560444600
5200 2.230868400
5200 2.226650600
5200 2.233467800
5200 0.001960300
5200 0.147611000
5200 0.771716700
5200 0.445211100
5200 0.441304600
5200 1.136900800
5200 1.928489800
5200 0.771823100
5200 0.457113900
5200 0.448247400
5200 1.135116700
5200 0.549324400
5200 0.371425300
5200 0.362067900
5200 0.761715200
5200 0.219949700
5200 0.182411000
5200 0.187850200
5200 0.324680900
5200 2.243806400
5200 2.236833500
5200 2.237128400
5200 2.242556700
5200 2.240552900
5200 2.239113500
5200 2.237200700
5400 2.411801700
5400 1.189866500
5400 0.826225100
5400 0.601491000
5400 2.392051800
5400 2.391834100
5400 2.396556300
5400 0.001974400
5400 0.157781900
5400 0.832251600
5400 0.479614500
5400 0.472122600
5400 1.221948000
5400 2.153607900
5400 0.832326200
5400 0.485408500
5400 0.475568500
5400 1.233220900
5400 0.593836900
5400 0.396042500
5400 0.399430000
5400 0.817689200
5400 0.239955700
5400 0.191345900
5400 0.194343000
5400 0.339901200
5400 2.416703200
5400 2.408757500
5400 2.411351500
5400 2.408091800
5400 2.413713000
5400 2.409788400
5400 2.416208700
5600 2.594668200
5600 1.278097800
5600 0.849916000
5600 0.614667500
5600 2.566872600
5600 2.567712100
5600 2.561540500
5600 0.002073200
5600 0.169184500
5600 0.894948300
5600 0.510263400
5600 0.514844900
5600 1.377748500
5600 2.399954800
5600 0.892525600
5600 0.517229200
5600 0.518606600
5600 1.326341500
5600 0.637824600
5600 0.410083900
5600 0.396426500
5600 0.894159400
5600 0.257630100
5600 0.212534700
5600 0.212176200
5600 0.384951400
5600 2.597031200
5600 2.608633900
5600 2.598416100
5600 2.590689700
5600 2.599712600
5600 2.593712100
5600 2.598204700
5800 2.784663100
5800 1.374871200
5800 0.888497800
5800 0.663508600
5800 2.733309000
5800 2.740975400
5800 2.740141000
5800 0.002287500
5800 0.183038000
5800 0.962460400
5800 0.551956800
5800 0.538830500
5800 1.482752400
5800 2.673269800
5800 0.955507900
5800 0.527516800
5800 0.518945500
5800 1.520713200
5800 0.682551500
5800 0.426639500
5800 0.434345100
5800 0.956773900
5800 0.272544800
5800 0.224819000
5800 0.228997900
5800 0.415758000
5800 2.783437800
5800 2.794289600
5800 2.788488400
5800 2.784142300
5800 2.775362200
5800 2.782653200
5800 2.780984100
6000 2.966881800
6000 1.464124900
6000 0.948861900
6000 0.698267200
6000 2.898611100
6000 2.899311200
6000 2.900195200
6000 0.002347200
6000 0.182613500
6000 1.031646100
6000 0.574621100
6000 0.568211600
6000 1.628875000
6000 2.989486900
6000 1.021222000
6000 0.558733600
6000 0.573335300
6000 1.602821300
6000 0.735975100
6000 0.461018400
6000 0.478316200
6000 1.043428400
6000 0.290865000
6000 0.239676600
6000 0.230674200
6000 0.461722100
6000 2.976442900
6000 2.981668200
6000 2.972222500
6000 2.978155200
6000 2.986734300
6000 2.982046300
6000 2.983767400
6200 3.171986800
6200 1.570833100
6200 0.999840100
6200 0.737906900
6200 3.089876100
6200 3.085125300
6200 3.091592800
6200 0.002439200
6200 0.194381600
6200 1.097549900
6200 0.621585300
6200 0.594112800
6200 1.809792800
6200 3.345510700
6200 1.092827900
6200 0.590969400
6200 0.599792800
6200 1.780568900
6200 0.778664200
6200 0.481943200
6200 0.486871000
6200 1.112665400
6200 0.311650800
6200 0.247626100
6200 0.251231900
6200 0.517406000
6200 3.181352500
6200 3.183745100
6200 3.197928800
6200 3.193793300
6200 3.190988700
6200 3.187799000
6200 3.184303100
6400 3.397920600
6400 1.673820900
6400 1.044208600
6400 0.757773000
6400 3.307692500
6400 3.300271800
6400 3.309802000
6400 0.002380400
6400 0.206216800
6400 1.166269500
6400 0.632877300
6400 0.631408000
6400 1.948108200
6400 3.706509900
6400 1.165582500
6400 0.641331800
6400 0.651557400
6400 1.930338500
6400 0.828503700
6400 0.515371300
6400 0.507391100
6400 1.224584900
6400 0.335842900
6400 0.262908200
6400 0.266416800
6400 0.525990600
6400 3.389851700
6400 3.387782100
6400 3.386272400
6400 3.387492900
6400 3.384203000
6400 3.401302700
6400 3.390233900
6600 3.608479200
6600 1.778865300
6600 1.073567700
6600 0.786718400
6600 3.521060500
6600 3.519331200
6600 3.531631800
6600 0.002755500
6600 0.226578700
6600 1.241309400
6600 0.664158700
6600 0.641806700
6600 2.135705500
6600 4.054473200
6600 1.245521600
6600 0.659991400
6600 0.673792900
6600 2.062939100
6600 0.883689700
6600 0.547319300
6600 0.548803900
6600 1.284979200
6600 0.353013800
6600 0.276904200
6600 0.277124000
6600 0.563458700
6600 3.589966200
6600 3.590093800
6600 3.598264600
6600 3.601117100
6600 3.611553200
6600 3.597941900
6600 3.600329900
6800 3.816142200
6800 1.883497700
6800 1.117678800
6800 0.856907000
6800 3.760383100
6800 3.753570600
6800 3.757635900
6800 0.002678100
6800 0.232041100
6800 1.316813900
6800 0.694910100
6800 0.687879800
6800 2.376693100
6800 4.433734900
6800 1.317981800
6800 0.685932200
6800 0.689752800
6800 2.375319900
6800 0.933439400
6800 0.568502500
6800 0.568518800
6800 1.461208500
6800 0.377175400
6800 0.293186000
6800 0.290111600
6800 0.602700400
6800 3.822770700
6800 3.837400500
6800 3.822247600
6800 3.810128600
6800 3.817844700
6800 3.824441400
6800 3.821869900
7000 4.054137900
7000 1.992274200
7000 1.157885500
7000 0.866841700
7000 3.983133300
7000 3.980496900
7000 3.981067400
7000 0.002613200
7000 0.248810200
7000 1.392284500
7000 0.707350700
7000 0.735110400
7000 2.569105100
7000 4.751786300
7000 1.396499400
7000 0.738518400
7000 0.719521600
7000 2.531618500
7000 0.993303500
7000 0.581412100
7000 0.593982800
7000 1.521868700
7000 0.396610800
7000 0.309222800
7000 0.313904900
7000 0.655019500
7000 4.058391100
7000 4.046893500
7000 4.045093700
7000 4.072988400
7000 4.044672200
7000 4.044015500
7000 4.045133600
7200 4.282015200
7200 2.115477800
7200 1.220391800
7200 0.929495300
7200 4.218519300
7200 4.223022900
7200 4.223991100
7200 0.002732900
7200 0.256215800
7200 1.483829100
7200 0.760526800
7200 0.766213100
7200 2.831406300
7200 5.191185700
7200 1.468801500
7200 0.767431000
7200 0.770317300
7200 2.730334500
7200 1.070056400
7200 0.648881100
7200 0.649311500
7200 1.744432500
7200 0.426056400
7200 0.330914500
7200 0.331281600
7200 0.678098900
7200 4.285461200
7200 4.292489000
7200 4.289961000
7200 4.290921000
7200 4.287612800
7200 4.280112900
7200 4.269454000
7400 4.531483900
7400 2.234690900
7400 1.270675500
7400 0.958468100
7400 4.472179500
7400 4.468626200
7400 4.466995300
7400 0.003146700
7400 0.267161000
7400 1.557074600
7400 0.784330100
7400 0.796564500
7400 2.971006500
7400 5.579898300
7400 1.556422100
7400 0.781621000
7400 0.795797800
7400 3.036732500
7400 1.111971700
7400 0.645321300
7400 0.652146400
7400 1.849889000
7400 0.446022300
7400 0.346331500
7400 0.344361900
7400 0.724684900
7400 4.525564500
7400 4.523847500
7400 4.517711700
7400 4.512808600
7400 4.521822500
7400 4.524514000
7400 4.514492000
7600 4.786861600
7600 2.351422200
7600 1.314240000
7600 0.977619200
7600 4.730117300
7600 4.737163400
7600 4.714283700
7600 0.002899900
7600 0.270878700
7600 1.643728700
7600 0.820359200
7600 0.821273400
7600 3.263838900
7600 6.117495400
7600 1.644129500
7600 0.818045800
7600 0.817028600
7600 3.277012000
7600 1.168346500
7600 0.662260200
7600 0.688051900
7600 1.924865300
7600 0.468345200
7600 0.362952100
7600 0.370103900
7600 0.779179200
7600 4.773512900
7600 4.770100000
7600 4.776643300
7600 4.769483600
7600 4.766520900
7600 4.764386400
7600 4.769753800
7800 5.036572300
7800 2.489602200
7800 1.341854800
7800 1.018644900
7800 4.990018800
7800 4.979035000
7800 4.980681200
7800 0.003214500
7800 0.289493400
7800 1.730524300
7800 0.884067900
7800 0.864513300
7800 3.557072600
7800 6.492282000
7800 1.723344600
7800 0.866262200
7800 0.869257700
7800 3.469421500
7800 1.229243200
7800 0.714534700
7800 0.712936100
7800 2.132913400
7800 0.493644800
7800 0.384372900
7800 0.381253800
7800 0.809732000
7800 5.018066200
7800 5.018083300
7800 5.029136000
7800 5.033492400
7800 5.047498800
7800 5.024834400
7800 5.016005400
8000 5.279999600
8000 2.606563400
8000 1.403330500
8000 1.054988900
8000 5.255259400
8000 5.249361200
8000 5.256368900
8000 0.002955100
8000 0.305128100
8000 1.816456600
8000 0.908278700
8000 0.895853100
8000 3.777547900
8000 6.908216700
8000 1.818996200
8000 0.877644100
8000 0.894422000
8000 3.846009400
8000 1.291352400
8000 0.746756900
8000 0.757200700
8000 2.226094100
8000 0.522831400
8000 0.405723200
8000 0.414753800
8000 0.855770000
8000 5.279234100
8000 5.282242000
8000 5.275491100
8000 5.291564500
8000 5.297116400
8000 5.296055600
8000 5.281122600
8200 5.555207200
8200 2.743998700
8200 1.454480000
8200 1.103276400
8200 5.536891900
8200 5.531412500
8200 5.544417500
8200 0.003108700
8200 0.327466800
8200 1.908890000
8200 0.915042700
8200 0.944320900
8200 4.069986800
8200 7.557652500
8200 1.905546600
8200 0.915363300
8200 0.937316300
8200 4.059795700
8200 1.358731300
8200 0.769687000
8200 0.767857700
8200 2.367752500
8200 0.549902200
8200 0.422414700
8200 0.422001800
8200 0.893125200
8200 5.556861800
8200 5.559216400
8200 5.546927100
8200 5.568459900
8200 5.544845900
8200 5.569156500
8200 5.540718900
8400 5.819988900
8400 2.886378700
8400 1.480539500
8400 1.136994500
8400 5.815329900
8400 5.796783500
8400 5.800942700
8400 0.003125900
8400 0.322797600
8400 2.004558000
8400 0.942971500
8400 0.955827200
8400 4.384754300
8400 8.026620300
8400 2.001394300
8400 0.945164000
8400 0.961995600
8400 4.410789100
8400 1.426785000
8400 0.790466900
8400 0.824325600
8400 2.570368900
8400 0.569791000
8400 0.441508000
8400 0.453438900
8400 0.971805400
8400 5.833196700
8400 5.820093600
8400 5.814440100
8400 5.824411900
8400 5.847995600
8400 5.837545300
8400 5.830327100
8600 6.098180300
8600 3.007185000
8600 1.560753900
8600 1.172939000
8600 6.065404000
8600 6.073903900
8600 6.072500000
8600 0.003260400
8600 0.344375500
8600 2.098290600
8600 0.993113400
8600 0.979970500
8600 4.740147600
8600 8.368746200
8600 2.105498800
8600 0.977857300
8600 0.976182800
8600 4.612123500
8600 1.495189200
8600 0.823922700
8600 0.820684800
8600 2.770897100
8600 0.595142100
8600 0.452275400
8600 0.453792400
8600 1.014445700
8600 6.111740300
8600 6.120429100
8600 6.119836300
8600 6.115981900
8600 6.096971000
8600 6.097632900
8600 6.117918300
8800 6.377907700
8800 3.149127300
8800 1.619573000
8800 1.223906600
8800 6.356602500
8800 6.363725700
8800 6.362700000
8800 0.003834100
8800 0.345169600
8800 2.201117500
8800 1.041647700
8800 1.026390100
8800 4.921009000
8800 9.026290700
8800 2.197569100
8800 1.000005700
8800 1.012070300
8800 4.972013400
8800 1.559933000
8800 0.872027400
8800 0.868170000
8800 2.957325100
8800 0.628175500
8800 0.474923700
8800 0.477080900
8800 1.042722800
8800 6.385147700
8800 6.388457400
8800 6.388464500
8800 6.388923900
8800 6.389115900
8800 6.389502700
8800 6.390066900
9000 6.693096400
9000 3.299996600
9000 1.675952700
9000 1.258667500
9000 6.660148800
9000 6.659566000
9000 6.673712700
9000 0.003359200
9000 0.361059400
9000 2.298126800
9000 1.050847700
9000 1.067760300
9000 5.145877400
9000 9.470960200
9000 2.303741200
9000 1.063285700
9000 1.067706600
9000 5.068029500
9000 1.636642600
9000 0.883146700
9000 0.882105700
9000 2.978229600
9000 0.652801700
9000 0.490322000
9000 0.496299300
9000 1.145357300
9000 6.678133600
9000 6.684443600
9000 6.669622800
9000 6.670606200
9000 6.683652700
9000 6.682755200
9000 6.676219700
9200 6.977266600
9200 3.438668900
9200 1.723376700
9200 1.296681100
9200 6.971754100
9200 6.970765800
9200 6.961039700
9200 0.003697200
9200 0.373419800
9200 2.410838000
9200 1.092145000
9200 1.085934900
9200 5.405806200
9200 10.100733300
9200 2.398232700
9200 1.072456200
9200 1.112777700
9200 5.362119000
9200 1.709906500
9200 0.922905900
9200 0.917534000
9200 3.201009500
9200 0.684488200
9200 0.505525800
9200 0.506573100
9200 1.144886800
9200 6.995567900
9200 6.987850600
9200 6.984226700
9200 6.968289600
9200 6.972124200
9200 6.996952200
9200 6.980423600
9400 7.282649000
9400 3.603777900
9400 1.732350900
9400 1.324739200
9400 7.264347000
9400 7.263712200
9400 7.271132300
9400 0.003565600
9400 0.377726500
9400 2.513691300
9400 1.113364100
9400 1.107964900
9400 5.752635200
9400 10.705506500
9400 2.513886900
9400 1.149511600
9400 1.142661500
9400 5.666735300
9400 1.781756700
9400 0.949651600
9400 0.941877400
9400 3.343111600
9400 0.715819800
9400 0.513411400
9400 0.527197700
9400 1.221075500
9400 7.290174800
9400 7.281028300
9400 7.281936200
9400 7.317968700
9400 7.290166100
9400 7.295151300
9400 7.296688900
9600 7.618183200
9600 3.754712000
9600 1.790438300
9600 1.355618400
9600 7.590229600
9600 7.637692900
9600 7.579931900
9600 0.003573700
9600 0.357763000
9600 2.609333000
9600 1.159324400
9600 1.159040800
9600 5.968973300
9600 11.297126500
9600 2.613656900
9600 1.157803100
9600 1.176099100
9600 5.929005400
9600 1.855548900
9600 0.970375100
9600 0.956505700
9600 3.568778700
9600 0.746114200
9600 0.547294700
9600 0.541190800
9600 1.315565300
9600 7.590871600
9600 7.610678100
9600 7.602184100
9600 7.598326300
9600 7.615594100
9600 7.602753100
9600 7.604508600
9800 7.913504300
9800 3.901133800
9800 1.853013600
9800 1.441377800
9800 7.911955800
9800 7.910972600
9800 7.906626300
9800 0.003639700
9800 0.417406300
9800 2.713753200
9800 1.189409000
9800 1.193774800
9800 6.284992000
9800 11.582556300
9800 2.732858900
9800 1.199331600
9800 1.198661700
9800 6.437788500
9800 1.941678500
9800 1.008134600
9800 1.005831200
9800 3.789078800
9800 0.774926900
9800 0.558608300
9800 0.567026000
9800 1.373688200
9800 7.925638700
9800 7.934997800
9800 7.924429000
9800 7.925881700
9800 7.927034900
9800 7.912963300
9800 7.944186100
10000 8.325078200
10000 4.063845800
10000 1.851893200
10000 1.470007300
10000 8.230939500
10000 8.227506800
10000 8.228152600
10000 0.003624400
10000 0.434217100
10000 2.831426500
10000 1.253472500
10000 1.255064100
10000 6.616028000
10000 12.386356600
10000 2.840274900
10000 1.250169800
10000 1.252234600
10000 6.692177800
10000 2.016213200
10000 1.025291800
10000 1.037688300
10000 3.975561700
10000 0.809308000
10000 0.571717000
10000 0.579586500
10000 1.434224400
10000 8.244966300
10000 8.238834300
10000 8.251295100
10000 8.262123900
10000 8.252761100
10000 8.236758800
10000 8.240563400
