200 0.001842700
200 0.000991700
200 0.002358200
200 0.001376400
200 0.001659500
200 0.004077700
200 0.002177500
200 0.000415700
200 0.000976400
200 0.000700300
200 0.001238500
200 0.000690600
200 0.000933900
200 0.000980200
200 0.000720100
200 0.000465000
200 0.000535900
200 0.000630700
200 0.000553000
200 0.000391700
200 0.000413400
200 0.000403500
200 0.000396000
200 0.000305300
200 0.000263100
200 0.000325200
200 0.001305900
200 0.001375300
200 0.001330000
200 0.001275700
200 0.001292200
200 0.001423700
200 0.001339800
400 0.004299300
400 0.001804000
400 0.004380100
400 0.002040400
400 0.004992100
400 0.004808800
400 0.005413600
400 0.000554600
400 0.001810500
400 0.001332200
400 0.001286900
400 0.001886500
400 0.002722800
400 0.003317500
400 0.001432500
400 0.001625000
400 0.002478400
400 0.001294400
400 0.001121200
400 0.001072300
400 0.001041800
400 0.001000300
400 0.000692900
400 0.000674400
400 0.000662400
400 0.000660500
400 0.004634500
400 0.004465200
400 0.004101300
400 0.006234900
400 0.004446500
400 0.004574600
400 0.004225300
600 0.010282000
600 0.003793500
600 0.008897700
600 0.003762800
600 0.011122200
600 0.010765600
600 0.010529200
600 0.000809900
600 0.004045400
600 0.002470000
600 0.002369100
600 0.002571900
600 0.002488300
600 0.005015500
600 0.002890000
600 0.005511300
600 0.002778300
600 0.003127200
600 0.002083000
600 0.003604300
600 0.003283200
600 0.001968900
600 0.001446200
600 0.002116400
600 0.001365200
600 0.001159800
600 0.011957200
600 0.008665700
600 0.008800100
600 0.008572200
600 0.008407300
600 0.008645500
600 0.008888000
800 0.014482300
800 0.005703800
800 0.014516900
800 0.006194500
800 0.021804400
800 0.019580000
800 0.017766500
800 0.000979700
800 0.006289900
800 0.004532400
800 0.004052200
800 0.004663000
800 0.004412000
800 0.005983900
800 0.005119800
800 0.004547800
800 0.004280200
800 0.004314000
800 0.003004400
800 0.003251100
800 0.003151700
800 0.004054000
800 0.002544600
800 0.001761500
800 0.001874700
800 0.002799900
800 0.017127100
800 0.021589400
800 0.018216100
800 0.020618600
800 0.014515200
800 0.016173900
800 0.015518000
1000 0.022155700
1000 0.011979500
1000 0.024058100
1000 0.009056600
1000 0.028397700
1000 0.028358400
1000 0.029491400
1000 0.001195000
1000 0.007188100
1000 0.005669500
1000 0.005638700
1000 0.005884500
1000 0.005937600
1000 0.008233900
1000 0.005851600
1000 0.005576200
1000 0.005694200
1000 0.005592800
1000 0.004478800
1000 0.004317500
1000 0.004450300
1000 0.004259800
1000 0.001803000
1000 0.001978200
1000 0.001860400
1000 0.001813700
1000 0.020623100
1000 0.021563000
1000 0.021067500
1000 0.022295600
1000 0.021756500
1000 0.022236900
1000 0.023957700
1200 0.030296500
1200 0.010960700
1200 0.030197000
1200 0.011099100
1200 0.039121800
1200 0.045323100
1200 0.040149000
1200 0.001558200
1200 0.009621900
1200 0.007605200
1200 0.007887100
1200 0.007859400
1200 0.007974300
1200 0.011437000
1200 0.008281300
1200 0.007690900
1200 0.008017100
1200 0.008306200
1200 0.005657200
1200 0.005721000
1200 0.006156500
1200 0.006337700
1200 0.003103100
1200 0.003043000
1200 0.003066900
1200 0.003207100
1200 0.030856700
1200 0.030857300
1200 0.030953900
1200 0.029635200
1200 0.031225400
1200 0.029763700
1200 0.030316400
1400 0.041259600
1400 0.015774200
1400 0.039051000
1400 0.015353700
1400 0.054077000
1400 0.054655500
1400 0.053487400
1400 0.001887300
1400 0.013788000
1400 0.010212100
1400 0.009905100
1400 0.010121000
1400 0.009697700
1400 0.015930300
1400 0.009734500
1400 0.010283000
1400 0.010077300
1400 0.010562100
1400 0.008562200
1400 0.007443300
1400 0.008085700
1400 0.007189200
1400 0.003947800
1400 0.004008100
1400 0.003782800
1400 0.003728500
1400 0.041375900
1400 0.040547100
1400 0.041418800
1400 0.040096600
1400 0.040064900
1400 0.038787800
1400 0.042951900
1600 0.050122900
1600 0.020243300
1600 0.050182700
1600 0.018207500
1600 0.068719300
1600 0.068865900
1600 0.070897000
1600 0.002195300
1600 0.016196700
1600 0.012381700
1600 0.013466500
1600 0.012979400
1600 0.012917400
1600 0.019054500
1600 0.012482800
1600 0.013542500
1600 0.013303200
1600 0.014215400
1600 0.009322600
1600 0.009802900
1600 0.009589600
1600 0.010423100
1600 0.004116500
1600 0.004044900
1600 0.004364200
1600 0.004176700
1600 0.051444800
1600 0.050903500
1600 0.051084900
1600 0.052957000
1600 0.050187100
1600 0.052374600
1600 0.048023300
1800 0.060552500
1800 0.022293500
1800 0.064308900
1800 0.021959200
1800 0.087437800
1800 0.087905900
1800 0.085132900
1800 0.002446500
1800 0.019074700
1800 0.017110800
1800 0.017530900
1800 0.017628300
1800 0.017268300
1800 0.022903900
1800 0.014707100
1800 0.014693900
1800 0.014933400
1800 0.014421600
1800 0.011485700
1800 0.011736000
1800 0.011630100
1800 0.011763100
1800 0.005949200
1800 0.005973900
1800 0.005472600
1800 0.005399300
1800 0.067004500
1800 0.065050800
1800 0.063784400
1800 0.063500000
1800 0.063156700
1800 0.063509300
1800 0.063216900
2000 0.077991900
2000 0.029133000
2000 0.080043800
2000 0.028701800
2000 0.105560100
2000 0.107427600
2000 0.104636400
2000 0.002637500
2000 0.021386600
2000 0.018146200
2000 0.018538300
2000 0.018603900
2000 0.017725600
2000 0.028605800
2000 0.018710500
2000 0.018540900
2000 0.018778300
2000 0.018715100
2000 0.014311200
2000 0.013772600
2000 0.013832700
2000 0.013886100
2000 0.006166900
2000 0.006261200
2000 0.006222200
2000 0.006359400
2000 0.076055600
2000 0.079510900
2000 0.080314400
2000 0.078716200
2000 0.079764900
2000 0.079498000
2000 0.077993000
2200 0.090401300
2200 0.031954900
2200 0.093442700
2200 0.033114100
2200 0.128007300
2200 0.129319600
2200 0.127336400
2200 0.003093200
2200 0.024270300
2200 0.020139900
2200 0.021212900
2200 0.021122700
2200 0.021238300
2200 0.034718800
2200 0.021623500
2200 0.021699100
2200 0.021509200
2200 0.022055400
2200 0.014810200
2200 0.015083200
2200 0.015593400
2200 0.015823900
2200 0.007579600
2200 0.007441900
2200 0.007428900
2200 0.007535800
2200 0.094460200
2200 0.093336000
2200 0.088136300
2200 0.094311300
2200 0.090550800
2200 0.095142600
2200 0.088792600
2400 0.107775100
2400 0.039308000
2400 0.108037900
2400 0.038901200
2400 0.153733300
2400 0.153133100
2400 0.153033700
2400 0.003591400
2400 0.027351200
2400 0.024376900
2400 0.024156400
2400 0.024107900
2400 0.024571500
2400 0.037917500
2400 0.024472400
2400 0.025734600
2400 0.024853900
2400 0.025646900
2400 0.017972200
2400 0.017017500
2400 0.016533400
2400 0.016908000
2400 0.008659500
2400 0.009197100
2400 0.009077000
2400 0.008628100
2400 0.108710700
2400 0.107866900
2400 0.110490800
2400 0.107418900
2400 0.106884100
2400 0.103846200
2400 0.107814600
2600 0.122315900
2600 0.043034900
2600 0.126008100
2600 0.043895300
2600 0.178713200
2600 0.180352000
2600 0.177013300
2600 0.004068800
2600 0.034013800
2600 0.027858300
2600 0.028248100
2600 0.027964100
2600 0.028286200
2600 0.045357700
2600 0.028488200
2600 0.027525700
2600 0.028468000
2600 0.027391000
2600 0.019823400
2600 0.020157400
2600 0.020526700
2600 0.022284300
2600 0.009405700
2600 0.009202300
2600 0.009390000
2600 0.009091700
2600 0.126970100
2600 0.122793600
2600 0.120092200
2600 0.124379400
2600 0.120672100
2600 0.119550100
2600 0.125031900
2800 0.140444700
2800 0.052018100
2800 0.136004900
2800 0.049405600
2800 0.204042000
2800 0.206220700
2800 0.207595400
2800 0.004050500
2800 0.037626400
2800 0.033714900
2800 0.033781900
2800 0.033898100
2800 0.035396600
2800 0.051179600
2800 0.033938500
2800 0.034065200
2800 0.034248600
2800 0.034034700
2800 0.021907300
2800 0.022478400
2800 0.022754400
2800 0.021633300
2800 0.011248100
2800 0.010509500
2800 0.010652100
2800 0.010773100
2800 0.133698700
2800 0.137702400
2800 0.133025200
2800 0.140574200
2800 0.137522800
2800 0.135361200
2800 0.135525200
3000 0.150964600
3000 0.057294800
3000 0.149958400
3000 0.057330300
3000 0.236346600
3000 0.236173500
3000 0.234953800
3000 0.004487900
3000 0.039735300
3000 0.035930600
3000 0.035231000
3000 0.034950600
3000 0.035953100
3000 0.057179700
3000 0.039162100
3000 0.038592100
3000 0.038673800
3000 0.039378500
3000 0.026689200
3000 0.026862600
3000 0.026519200
3000 0.025864000
3000 0.011937100
3000 0.012800400
3000 0.012111800
3000 0.012134900
3000 0.152612100
3000 0.151047800
3000 0.150957000
3000 0.154019300
3000 0.158239900
3000 0.148533300
3000 0.157381500
3200 0.159790000
3200 0.065436200
3200 0.166274800
3200 0.064908400
3200 0.267280400
3200 0.270568200
3200 0.266925400
3200 0.004946900
3200 0.043768000
3200 0.041981600
3200 0.040298700
3200 0.040517100
3200 0.040521900
3200 0.066505000
3200 0.040244100
3200 0.040336000
3200 0.040880500
3200 0.041500500
3200 0.029474900
3200 0.030119300
3200 0.029605000
3200 0.029637600
3200 0.012449800
3200 0.013102600
3200 0.012629700
3200 0.012996200
3200 0.170591900
3200 0.168069200
3200 0.166717500
3200 0.167378100
3200 0.164800300
3200 0.165878700
3200 0.162927500
3400 0.183027200
3400 0.072103700
3400 0.178905700
3400 0.074162900
3400 0.304240500
3400 0.304088200
3400 0.300004800
3400 0.005087700
3400 0.048239900
3400 0.047766000
3400 0.048915200
3400 0.046291300
3400 0.046430000
3400 0.073726900
3400 0.046410000
3400 0.046413600
3400 0.046768500
3400 0.045361300
3400 0.030516900
3400 0.031205000
3400 0.030260200
3400 0.030754200
3400 0.014656700
3400 0.014537300
3400 0.014295400
3400 0.014174200
3400 0.181354000
3400 0.182669000
3400 0.180905200
3400 0.184792600
3400 0.181257400
3400 0.183749300
3400 0.188104100
3600 0.192954000
3600 0.079075900
3600 0.197179000
3600 0.082110700
3600 0.337920900
3600 0.344386600
3600 0.337636700
3600 0.005129600
3600 0.053772200
3600 0.050355400
3600 0.049450200
3600 0.049905700
3600 0.049675700
3600 0.077948900
3600 0.050938500
3600 0.050728800
3600 0.051489300
3600 0.050636100
3600 0.034148000
3600 0.038457900
3600 0.035453200
3600 0.035867300
3600 0.015408500
3600 0.015374900
3600 0.015344900
3600 0.015848900
3600 0.197421200
3600 0.196602100
3600 0.199486800
3600 0.200629400
3600 0.200043500
3600 0.196028300
3600 0.200051600
3800 0.214531500
3800 0.085853900
3800 0.218131100
3800 0.088730200
3800 0.375014600
3800 0.379126100
3800 0.374351000
3800 0.005671700
3800 0.058557900
3800 0.053685800
3800 0.055099300
3800 0.054582800
3800 0.055476700
3800 0.090928100
3800 0.054851300
3800 0.055697600
3800 0.053980600
3800 0.054750300
3800 0.038011900
3800 0.037163500
3800 0.038245500
3800 0.037476500
3800 0.017985600
3800 0.017828300
3800 0.018370900
3800 0.018189900
3800 0.214706700
3800 0.211274300
3800 0.214982700
3800 0.215667900
3800 0.212971500
3800 0.216392100
3800 0.216397800
4000 0.232317300
4000 0.100715400
4000 0.221139700
4000 0.097689600
4000 0.413341300
4000 0.418059600
4000 0.415250600
4000 0.006048600
4000 0.061354300
4000 0.062070500
4000 0.061312800
4000 0.063525600
4000 0.062476000
4000 0.098088600
4000 0.060489700
4000 0.059252800
4000 0.060418500
4000 0.059750200
4000 0.040571900
4000 0.043413400
4000 0.042871600
4000 0.042724000
4000 0.019457300
4000 0.018408200
4000 0.018228900
4000 0.018218700
4000 0.229828400
4000 0.238080100
4000 0.233451900
4000 0.229942500
4000 0.229856700
4000 0.238170900
4000 0.229774400
4200 0.251096800
4200 0.106386500
4200 0.247549600
4200 0.106928000
4200 0.454429900
4200 0.463105200
4200 0.457381700
4200 0.006236700
4200 0.066042500
4200 0.066305000
4200 0.067315700
4200 0.065943700
4200 0.067205900
4200 0.107217000
4200 0.065385000
4200 0.066000900
4200 0.064889300
4200 0.068351400
4200 0.045634700
4200 0.045986700
4200 0.046142900
4200 0.046472800
4200 0.023626600
4200 0.023796200
4200 0.024411200
4200 0.023551800
4200 0.249542100
4200 0.249628600
4200 0.250941900
4200 0.253317400
4200 0.253081500
4200 0.251648600
4200 0.251953500
4400 0.270820300
4400 0.114504300
4400 0.260398100
4400 0.115613200
4400 0.502362200
4400 0.506980700
4400 0.498644500
4400 0.006648100
4400 0.071926200
4400 0.071236800
4400 0.071338300
4400 0.071254400
4400 0.073146800
4400 0.114207900
4400 0.070593000
4400 0.071473200
4400 0.071988000
4400 0.071466200
4400 0.048470900
4400 0.047465100
4400 0.048639400
4400 0.048494400
4400 0.021545700
4400 0.021175100
4400 0.022010100
4400 0.021394300
4400 0.261252600
4400 0.266843800
4400 0.270246700
4400 0.267626500
4400 0.260605000
4400 0.269919600
4400 0.265575100
4600 0.288078300
4600 0.123995000
4600 0.293170800
4600 0.122207600
4600 0.550731100
4600 0.553918000
4600 0.547242300
4600 0.007375400
4600 0.077557600
4600 0.076072200
4600 0.076669600
4600 0.076373500
4600 0.077334900
4600 0.121724400
4600 0.076254800
4600 0.076186900
4600 0.076468800
4600 0.076992200
4600 0.051674900
4600 0.053230300
4600 0.052136100
4600 0.052373800
4600 0.023553600
4600 0.025666800
4600 0.024995500
4600 0.023685400
4600 0.287748700
4600 0.287132700
4600 0.286445200
4600 0.285779200
4600 0.284025300
4600 0.288674800
4600 0.284861300
4800 0.295983100
4800 0.132865500
4800 0.298999100
4800 0.132542200
4800 0.594536600
4800 0.597674800
4800 0.596842800
4800 0.007179500
4800 0.081765500
4800 0.081858200
4800 0.083299700
4800 0.083046100
4800 0.084317700
4800 0.130905600
4800 0.082679200
4800 0.081598200
4800 0.083120900
4800 0.080171100
4800 0.055010300
4800 0.054403800
4800 0.054249600
4800 0.054082200
4800 0.024987000
4800 0.025008500
4800 0.025392800
4800 0.024071600
4800 0.307978900
4800 0.302580300
4800 0.312833900
4800 0.291791000
4800 0.299530800
4800 0.296940000
4800 0.308820500
5000 0.325809500
5000 0.142263500
5000 0.323789900
5000 0.149373200
5000 0.655979100
5000 0.646286300
5000 0.642292600
5000 0.007837700
5000 0.087701100
5000 0.089071900
5000 0.090580100
5000 0.088374900
5000 0.089456800
5000 0.138066900
5000 0.086001600
5000 0.088697000
5000 0.086662000
5000 0.086027500
5000 0.060823400
5000 0.060219900
5000 0.061023900
5000 0.061985000
5000 0.026080100
5000 0.025134500
5000 0.025691900
5000 0.024320600
5000 0.321632400
5000 0.323326400
5000 0.329140900
5000 0.320717400
5000 0.326576900
5000 0.329607200
5000 0.329367500
5200 0.345822400
5200 0.152766800
5200 0.349139700
5200 0.151253500
5200 0.697671000
5200 0.701309100
5200 0.707875500
5200 0.008105600
5200 0.093299600
5200 0.098496400
5200 0.097944700
5200 0.099077700
5200 0.097522000
5200 0.149930900
5200 0.096065000
5200 0.097235800
5200 0.096065100
5200 0.094899100
5200 0.062608000
5200 0.065168200
5200 0.062559700
5200 0.063916900
5200 0.028245900
5200 0.027521400
5200 0.028683000
5200 0.028243800
5200 0.343690700
5200 0.349528000
5200 0.340036000
5200 0.349642900
5200 0.344890800
5200 0.349558000
5200 0.348757800
5400 0.361399700
5400 0.158255300
5400 0.356990700
5400 0.159184200
5400 0.753288600
5400 0.752425100
5400 0.752995800
5400 0.008004100
5400 0.098917800
5400 0.100729900
5400 0.104530000
5400 0.100090500
5400 0.100354600
5400 0.160756200
5400 0.103559100
5400 0.104627100
5400 0.103062600
5400 0.103804200
5400 0.071220800
5400 0.072247300
5400 0.070328500
5400 0.070592400
5400 0.032242100
5400 0.032840500
5400 0.031511900
5400 0.032724900
5400 0.363842500
5400 0.366729100
5400 0.363684300
5400 0.372424500
5400 0.360031500
5400 0.362207000
5400 0.363734000
5600 0.390050000
5600 0.167287500
5600 0.380153800
5600 0.166126600
5600 0.808162900
5600 0.815736300
5600 0.804544600
5600 0.009131000
5600 0.102612200
5600 0.109936800
5600 0.111103800
5600 0.108762800
5600 0.106018100
5600 0.169043900
5600 0.106976000
5600 0.111319100
5600 0.109696400
5600 0.107830100
5600 0.075288800
5600 0.074391400
5600 0.077239000
5600 0.075870300
5600 0.029896300
5600 0.030586900
5600 0.030662100
5600 0.028738500
5600 0.383862000
5600 0.383064400
5600 0.383424200
5600 0.384768100
5600 0.384609500
5600 0.387865600
5600 0.382722100
5800 0.399034500
5800 0.180878400
5800 0.410915900
5800 0.179305800
5800 0.861281900
5800 0.869811200
5800 0.862690900
5800 0.008888500
5800 0.109957200
5800 0.112730900
5800 0.112486200
5800 0.111077900
5800 0.112722900
5800 0.172493400
5800 0.118081300
5800 0.115617900
5800 0.118218200
5800 0.115870500
5800 0.078875600
5800 0.078724800
5800 0.080846100
5800 0.076475700
5800 0.034180100
5800 0.035021000
5800 0.034980500
5800 0.034245900
5800 0.406244900
5800 0.408862000
5800 0.404122500
5800 0.406880400
5800 0.401595900
5800 0.407282400
5800 0.411877300
6000 0.432479100
6000 0.184387700
6000 0.421516700
6000 0.188696800
6000 0.923417400
6000 0.935645200
6000 0.932363600
6000 0.009835200
6000 0.116501200
6000 0.123850400
6000 0.124240900
6000 0.126601400
6000 0.119935700
6000 0.185821700
6000 0.122941200
6000 0.127490800
6000 0.130367100
6000 0.125010700
6000 0.079761200
6000 0.079665200
6000 0.079823400
6000 0.079014200
6000 0.033238800
6000 0.034731900
6000 0.034431500
6000 0.034604100
6000 0.411189600
6000 0.418282000
6000 0.414415100
6000 0.420980800
6000 0.426393600
6000 0.431828700
6000 0.423642000
6200 0.451171800
6200 0.193684200
6200 0.447362400
6200 0.196845000
6200 0.991126700
6200 1.001870200
6200 0.993476100
6200 0.009884600
6200 0.120636200
6200 0.128972100
6200 0.126479600
6200 0.130295000
6200 0.125777600
6200 0.190433700
6200 0.134040300
6200 0.130823200
6200 0.129943100
6200 0.128477800
6200 0.085088100
6200 0.086238300
6200 0.085472500
6200 0.086511900
6200 0.035093800
6200 0.037076300
6200 0.035619500
6200 0.036154400
6200 0.440712500
6200 0.434379200
6200 0.450431500
6200 0.429715300
6200 0.448725900
6200 0.448039600
6200 0.438315000
6400 0.469661700
6400 0.203387200
6400 0.463635800
6400 0.211749300
6400 1.051414700
6400 1.057691800
6400 1.050296800
6400 0.010561600
6400 0.126035400
6400 0.137495100
6400 0.137627300
6400 0.138295900
6400 0.136136400
6400 0.206870100
6400 0.140520000
6400 0.140237100
6400 0.140546700
6400 0.138836700
6400 0.091990500
6400 0.093376500
6400 0.091697200
6400 0.092219800
6400 0.041073400
6400 0.040021500
6400 0.039667000
6400 0.038900500
6400 0.456982600
6400 0.465467300
6400 0.460179000
6400 0.457384500
6400 0.458876300
6400 0.464723600
6400 0.460257300
6600 0.481137900
6600 0.212953300
6600 0.479252100
6600 0.216749000
6600 1.118502500
6600 1.131358900
6600 1.121944000
6600 0.010840500
6600 0.133208600
6600 0.140766000
6600 0.144904900
6600 0.142820300
6600 0.141251200
6600 0.209559200
6600 0.143733500
6600 0.145841100
6600 0.144977100
6600 0.145467600
6600 0.095801300
6600 0.095758300
6600 0.095718900
6600 0.094881300
6600 0.044239700
6600 0.044176300
6600 0.045329400
6600 0.043888600
6600 0.478090800
6600 0.486400000
6600 0.485320100
6600 0.478328800
6600 0.482586000
6600 0.485713400
6600 0.476642400
6800 0.502582800
6800 0.224948600
6800 0.502685000
6800 0.224263100
6800 1.186408800
6800 1.193198400
6800 1.184373400
6800 0.010800200
6800 0.139470400
6800 0.152249000
6800 0.153338500
6800 0.150212100
6800 0.151571200
6800 0.228029800
6800 0.147734700
6800 0.149369600
6800 0.149920200
6800 0.149668300
6800 0.099047100
6800 0.101512600
6800 0.099901100
6800 0.097937700
6800 0.044445900
6800 0.044165600
6800 0.044359900
6800 0.043132200
6800 0.504375800
6800 0.501747700
6800 0.512122800
6800 0.502726100
6800 0.502079500
6800 0.502258800
6800 0.507066600
7000 0.525980800
7000 0.238374000
7000 0.525631400
7000 0.238138900
7000 1.252660600
7000 1.268410500
7000 1.258775800
7000 0.011022200
7000 0.145319500
7000 0.156206600
7000 0.159632000
7000 0.160950100
7000 0.158078300
7000 0.236433300
7000 0.154149700
7000 0.157947400
7000 0.156447300
7000 0.156074300
7000 0.104187900
7000 0.105991300
7000 0.104191300
7000 0.103456100
7000 0.045151500
7000 0.046229500
7000 0.045665800
7000 0.044230700
7000 0.525248600
7000 0.511395100
7000 0.520697100
7000 0.522297300
7000 0.525549400
7000 0.520616300
7000 0.536281000
7200 0.548704800
7200 0.247095300
7200 0.552088100
7200 0.247531400
7200 1.324147000
7200 1.341058900
7200 1.334102600
7200 0.011771800
7200 0.153033900
7200 0.169297900
7200 0.171274100
7200 0.170248500
7200 0.167107500
7200 0.244771800
7200 0.167953200
7200 0.167433300
7200 0.167126700
7200 0.166234800
7200 0.116410000
7200 0.118280800
7200 0.117506500
7200 0.115968000
7200 0.042322200
7200 0.041485900
7200 0.041327200
7200 0.042405900
7200 0.546617400
7200 0.541750500
7200 0.553880700
7200 0.533572900
7200 0.549800400
7200 0.538530100
7200 0.551289000
7400 0.557640100
7400 0.255594700
7400 0.560979700
7400 0.258161100
7400 1.405208100
7400 1.419684000
7400 1.405615500
7400 0.012256000
7400 0.159763800
7400 0.168300400
7400 0.171670100
7400 0.170909600
7400 0.168265400
7400 0.253610900
7400 0.172439600
7400 0.171544800
7400 0.168916100
7400 0.170530500
7400 0.117654300
7400 0.115663900
7400 0.120763900
7400 0.117962300
7400 0.054069300
7400 0.053195000
7400 0.053276800
7400 0.053868500
7400 0.571954500
7400 0.561497300
7400 0.566997200
7400 0.568600500
7400 0.562286000
7400 0.560734900
7400 0.565601000
7600 0.591146000
7600 0.269756400
7600 0.583204200
7600 0.271713600
7600 1.483909400
7600 1.492194600
7600 1.487002400
7600 0.012363600
7600 0.170429100
7600 0.183077100
7600 0.185140100
7600 0.188610200
7600 0.184347600
7600 0.266813900
7600 0.178209500
7600 0.174162500
7600 0.179048200
7600 0.176894100
7600 0.125702500
7600 0.126357400
7600 0.125227200
7600 0.123740800
7600 0.049967500
7600 0.049125800
7600 0.049021700
7600 0.049357500
7600 0.583693200
7600 0.586621100
7600 0.587086900
7600 0.582851500
7600 0.582758900
7600 0.589554800
7600 0.590836100
7800 0.607244900
7800 0.276638900
7800 0.605635100
7800 0.275029000
7800 1.552472700
7800 1.571328200
7800 1.555371600
7800 0.012252700
7800 0.174117800
7800 0.192798200
7800 0.195818700
7800 0.192937200
7800 0.192988500
7800 0.282024700
7800 0.186511400
7800 0.186705500
7800 0.187960100
7800 0.186044700
7800 0.128220300
7800 0.126782500
7800 0.129386600
7800 0.130796700
7800 0.053827800
7800 0.053506400
7800 0.054647800
7800 0.052730100
7800 0.593924700
7800 0.613220700
7800 0.613326400
7800 0.608529900
7800 0.610645400
7800 0.607110300
7800 0.595435300
8000 0.636248700
8000 0.288112600
8000 0.629045800
8000 0.279330100
8000 1.643675900
8000 1.658503400
8000 1.637762000
8000 0.013254400
8000 0.179097100
8000 0.198444700
8000 0.199383100
8000 0.200351300
8000 0.195874200
8000 0.283055800
8000 0.194855900
8000 0.196419100
8000 0.197287900
8000 0.193888200
8000 0.135253500
8000 0.134053200
8000 0.137505500
8000 0.135660000
8000 0.056433800
8000 0.059067200
8000 0.058244600
8000 0.057421400
8000 0.631747100
8000 0.623551100
8000 0.632016000
8000 0.626185300
8000 0.631156500
8000 0.616991800
8000 0.622489200
8200 0.659106000
8200 0.298894900
8200 0.652896100
8200 0.299807300
8200 1.722425100
8200 1.742195800
8200 1.725005100
8200 0.013479100
8200 0.186213300
8200 0.204092300
8200 0.204021700
8200 0.204687100
8200 0.205903000
8200 0.299632700
8200 0.202466400
8200 0.199773800
8200 0.201227600
8200 0.199376200
8200 0.139486400
8200 0.139964800
8200 0.136287700
8200 0.137666700
8200 0.062365500
8200 0.064343200
8200 0.062619500
8200 0.062710700
8200 0.639836300
8200 0.636704800
8200 0.644514500
8200 0.651882800
8200 0.644314100
8200 0.644372800
8200 0.649822700
8400 0.665362000
8400 0.313013100
8400 0.677865500
8400 0.317936400
8400 1.814350200
8400 1.832812600
8400 1.809009900
8400 0.013908100
8400 0.192616500
8400 0.208016600
8400 0.213207200
8400 0.208531000
8400 0.210849700
8400 0.309666600
8400 0.207511100
8400 0.212025100
8400 0.206044000
8400 0.211795400
8400 0.142216900
8400 0.148897400
8400 0.144235000
8400 0.142360300
8400 0.066690200
8400 0.067360300
8400 0.067847900
8400 0.068286800
8400 0.672856900
8400 0.665262400
8400 0.657496300
8400 0.658689200
8400 0.672248800
8400 0.654467000
8400 0.669044800
8600 0.686151400
8600 0.317541600
8600 0.697697700
8600 0.322737400
8600 1.896350000
8600 1.918865500
8600 1.897429700
8600 0.014179500
8600 0.200685100
8600 0.218434900
8600 0.216104600
8600 0.218442700
8600 0.213372700
8600 0.323430200
8600 0.217826400
8600 0.219854200
8600 0.221565900
8600 0.219243100
8600 0.147459900
8600 0.151976000
8600 0.152772900
8600 0.149426200
8600 0.061633000
8600 0.061364900
8600 0.061131000
8600 0.059688700
8600 0.682347800
8600 0.683065700
8600 0.687764300
8600 0.697319000
8600 0.694603800
8600 0.686011800
8600 0.684931600
8800 0.715583500
8800 0.339205500
8800 0.719029300
8800 0.334356800
8800 1.980333300
8800 2.004256100
8800 1.982874900
8800 0.014748900
8800 0.208751000
8800 0.228137000
8800 0.229373300
8800 0.230229600
8800 0.223443100
8800 0.330913400
8800 0.226490600
8800 0.224438500
8800 0.226125000
8800 0.231215200
8800 0.158834500
8800 0.159347800
8800 0.158257200
8800 0.157334400
8800 0.061563200
8800 0.060187500
8800 0.062409300
8800 0.061888700
8800 0.715438100
8800 0.713143000
8800 0.694593000
8800 0.713909900
8800 0.708906200
8800 0.708372300
8800 0.704463800
9000 0.728382400
9000 0.340785800
9000 0.731844000
9000 0.346115500
9000 2.072254200
9000 2.099333100
9000 2.080307200
9000 0.014687900
9000 0.212830100
9000 0.233223500
9000 0.235579900
9000 0.229817600
9000 0.231230800
9000 0.340252100
9000 0.232840000
9000 0.234552500
9000 0.235309700
9000 0.232385900
9000 0.163673200
9000 0.167817600
9000 0.165933400
9000 0.163928300
9000 0.067375100
9000 0.069180600
9000 0.070310000
9000 0.070253000
9000 0.732622400
9000 0.717062400
9000 0.732467000
9000 0.740693500
9000 0.737742500
9000 0.728509800
9000 0.738541600
9200 0.742204500
9200 0.351192500
9200 0.748806900
9200 0.359365700
9200 2.165457600
9200 2.188370600
9200 2.166521700
9200 0.014918300
9200 0.224395200
9200 0.241066200
9200 0.240489600
9200 0.240985300
9200 0.243076400
9200 0.352648200
9200 0.241116200
9200 0.244912300
9200 0.244547200
9200 0.239062400
9200 0.172876600
9200 0.173150400
9200 0.172186700
9200 0.169996600
9200 0.067809600
9200 0.068071100
9200 0.065711300
9200 0.069820800
9200 0.747531600
9200 0.741440400
9200 0.738664100
9200 0.752494200
9200 0.756436100
9200 0.750577200
9200 0.744674500
9400 0.776254700
9400 0.366038000
9400 0.778427400
9400 0.364701300
9400 2.267207700
9400 2.290358000
9400 2.278954200
9400 0.015368600
9400 0.232278300
9400 0.245762900
9400 0.249024400
9400 0.249350800
9400 0.247870200
9400 0.364963800
9400 0.252275200
9400 0.253276800
9400 0.247555400
9400 0.247403000
9400 0.172732700
9400 0.173839700
9400 0.171536000
9400 0.170054600
9400 0.071605800
9400 0.071086300
9400 0.071654200
9400 0.072156700
9400 0.778679900
9400 0.769621700
9400 0.769736900
9400 0.782231900
9400 0.776420000
9400 0.775702500
9400 0.766778200
9600 0.786707800
9600 0.375896200
9600 0.785611600
9600 0.378388100
9600 2.365079700
9600 2.378217400
9600 2.368972000
9600 0.015849900
9600 0.239793300
9600 0.257295100
9600 0.261461800
9600 0.256785100
9600 0.260068300
9600 0.374392900
9600 0.254203100
9600 0.255557400
9600 0.253845200
9600 0.254421100
9600 0.179255200
9600 0.181751300
9600 0.181107300
9600 0.179679800
9600 0.075223100
9600 0.077024700
9600 0.076824700
9600 0.075024800
9600 0.796969300
9600 0.788204400
9600 0.809722800
9600 0.792781800
9600 0.790213700
9600 0.793438700
9600 0.791205400
9800 0.814430700
9800 0.387180200
9800 0.816362400
9800 0.395336200
9800 2.459693800
9800 2.481016300
9800 2.470579400
9800 0.015918500
9800 0.247832300
9800 0.266345500
9800 0.271309700
9800 0.266515400
9800 0.266257500
9800 0.386669700
9800 0.263178900
9800 0.264383800
9800 0.262676000
9800 0.265962800
9800 0.185796400
9800 0.188607700
9800 0.189610600
9800 0.184969100
9800 0.076633000
9800 0.077274500
9800 0.075480500
9800 0.075733200
9800 0.816548000
9800 0.809166200
9800 0.811738600
9800 0.811622700
9800 0.809209200
9800 0.814068000
9800 0.818653200
10000 0.836665700
10000 0.409323800
10000 0.839899300
10000 0.402674200
10000 2.559195400
10000 2.580604800
10000 2.563397000
10000 0.016099700
10000 0.254945800
10000 0.274497100
10000 0.276998300
10000 0.278949600
10000 0.279038200
10000 0.392915300
10000 0.268789300
10000 0.269533000
10000 0.274017300
10000 0.270887900
10000 0.196489700
10000 0.198698100
10000 0.200895000
10000 0.196188000
10000 0.077438600
10000 0.080190200
10000 0.078315700
10000 0.077997300
10000 0.831727300
10000 0.834039600
10000 0.839567800
10000 0.841440100
10000 0.829747500
10000 0.833630400
10000 0.833530700
