200 0.000045800
200 0.000035800
200 0.000067000
200 0.000047500
200 0.000076000
200 0.000047500
200 0.000028900
200 0.000027000
200 0.000027000
200 0.000031200
200 0.000027200
200 0.000067500
200 0.000034900
200 0.000042000
200 0.000033000
200 0.000047500
200 0.000049200
200 0.000035100
200 0.000029400
200 0.000047500
200 0.000035500
200 0.000040600
200 0.000049100
200 0.000047500
200 0.000058600
200 0.000054100
200 0.000044300
200 0.000053500
200 0.000046700
200 0.000049600
200 0.000047600
200 0.000078800
200 0.000055300
400 0.000129700
400 0.000068000
400 0.000131000
400 0.000053300
400 0.000102800
400 0.000053500
400 0.000057000
400 0.000053400
400 0.000057600
400 0.000081800
400 0.000058000
400 0.000096200
400 0.000080500
400 0.000127700
400 0.000073900
400 0.000053500
400 0.000105400
400 0.000104100
400 0.000076800
400 0.000057100
400 0.000120700
400 0.000090400
400 0.000055300
400 0.000053300
400 0.000084700
400 0.000081900
400 0.000127200
400 0.000128200
400 0.000129900
400 0.000131900
400 0.000098000
400 0.000142100
400 0.000132800
600 0.000175300
600 0.000129900
600 0.000300400
600 0.000082400
600 0.000267900
600 0.000100500
600 0.000084200
600 0.000079700
600 0.000082800
600 0.000114300
600 0.000083600
600 0.000199600
600 0.000131000
600 0.000216300
600 0.000131700
600 0.000079400
600 0.000212700
600 0.000233300
600 0.000117300
600 0.000079100
600 0.000203300
600 0.000148700
600 0.000088000
600 0.000079200
600 0.000112100
600 0.000107400
600 0.000221300
600 0.000202200
600 0.000169600
600 0.000252400
600 0.000264100
600 0.000187700
600 0.000167900
800 0.000428400
800 0.000158300
800 0.000400700
800 0.000105700
800 0.000281300
800 0.000105800
800 0.000109500
800 0.000105500
800 0.000105600
800 0.000178700
800 0.000105200
800 0.000443400
800 0.000314400
800 0.000214500
800 0.000182000
800 0.000105600
800 0.000282600
800 0.000203700
800 0.000160200
800 0.000105800
800 0.000408800
800 0.000176500
800 0.000125300
800 0.000105900
800 0.000254500
800 0.000135200
800 0.000256800
800 0.000287300
800 0.000406500
800 0.000258900
800 0.000282500
800 0.000340700
800 0.000407700
1000 0.000405100
1000 0.000218800
1000 0.000698700
1000 0.000132400
1000 0.000632600
1000 0.000131400
1000 0.000141800
1000 0.000131600
1000 0.000131600
1000 0.000200800
1000 0.000136400
1000 0.000432200
1000 0.000321000
1000 0.000478800
1000 0.000181400
1000 0.000132000
1000 0.000545800
1000 0.000380700
1000 0.000174500
1000 0.000132000
1000 0.000385300
1000 0.000236600
1000 0.000141700
1000 0.000131800
1000 0.000343800
1000 0.000231600
1000 0.000482400
1000 0.000572900
1000 0.000368900
1000 0.000451100
1000 0.000699600
1000 0.000363700
1000 0.000360900
1200 0.000491800
1200 0.000325500
1200 0.000842400
1200 0.000157600
1200 0.000493500
1200 0.000158100
1200 0.000201400
1200 0.000158100
1200 0.000158100
1200 0.000263800
1200 0.000163300
1200 0.000551500
1200 0.000446400
1200 0.000438800
1200 0.000297300
1200 0.000157500
1200 0.000591500
1200 0.000390600
1200 0.000216200
1200 0.000157700
1200 0.000445800
1200 0.000387700
1200 0.000214800
1200 0.000157700
1200 0.000451000
1200 0.000281500
1200 0.000495000
1200 0.000894800
1200 0.000490000
1200 0.000483700
1200 0.000676000
1200 0.000533200
1200 0.000578400
1400 0.000668200
1400 0.000357800
1400 0.001052500
1400 0.000190000
1400 0.000753900
1400 0.000181900
1400 0.000239500
1400 0.000183600
1400 0.000183100
1400 0.000312000
1400 0.000191300
1400 0.000877000
1400 0.000432600
1400 0.000562100
1400 0.000282800
1400 0.000188000
1400 0.000719300
1400 0.000502400
1400 0.000311700
1400 0.000184700
1400 0.000564000
1400 0.000412600
1400 0.000210100
1400 0.000184400
1400 0.000416200
1400 0.000312000
1400 0.000704500
1400 0.000736200
1400 0.000774100
1400 0.000620500
1400 0.000862000
1400 0.000619800
1400 0.000685600
1600 0.000786800
1600 0.000447800
1600 0.001536800
1600 0.000206600
1600 0.000852500
1600 0.000209300
1600 0.000242100
1600 0.000209600
1600 0.000206700
1600 0.000402800
1600 0.000206600
1600 0.000935600
1600 0.000595700
1600 0.000638500
1600 0.000345200
1600 0.000210400
1600 0.000903400
1600 0.000569700
1600 0.000348100
1600 0.000210600
1600 0.000744700
1600 0.000516400
1600 0.000238100
1600 0.000205500
1600 0.000484100
1600 0.000309300
1600 0.001296000
1600 0.000884300
1600 0.000825900
1600 0.000771600
1600 0.000982000
1600 0.000784800
1600 0.000851600
1800 0.001219600
1800 0.000534900
1800 0.002084300
1800 0.000231400
1800 0.000988900
1800 0.000233700
1800 0.000244500
1800 0.000235500
1800 0.000230700
1800 0.000438700
1800 0.000230600
1800 0.001231900
1800 0.000652600
1800 0.000878900
1800 0.000420900
1800 0.000231100
1800 0.001081000
1800 0.000764900
1800 0.000457900
1800 0.000234100
1800 0.000916400
1800 0.000560100
1800 0.000297300
1800 0.000235700
1800 0.000818600
1800 0.000435100
1800 0.000961900
1800 0.001065300
1800 0.000966700
1800 0.001101900
1800 0.000971600
1800 0.001053900
1800 0.000977000
2000 0.001171500
2000 0.000639800
2000 0.002047700
2000 0.000256300
2000 0.001530500
2000 0.000262800
2000 0.000272800
2000 0.000259400
2000 0.000259500
2000 0.000509400
2000 0.000259500
2000 0.001590900
2000 0.000813200
2000 0.000968700
2000 0.000454900
2000 0.000271900
2000 0.001285300
2000 0.000943300
2000 0.000402000
2000 0.000256700
2000 0.001831000
2000 0.000747500
2000 0.000329400
2000 0.000256400
2000 0.000810700
2000 0.000509300
2000 0.001347400
2000 0.001160800
2000 0.001337200
2000 0.001172100
2000 0.001297900
2000 0.001129800
2000 0.001258700
2200 0.001572600
2200 0.000694200
2200 0.002507000
2200 0.000282500
2200 0.001505700
2200 0.000284900
2200 0.000311700
2200 0.000284800
2200 0.000288900
2200 0.000530200
2200 0.000314000
2200 0.003028800
2200 0.001163100
2200 0.001107300
2200 0.001052300
2200 0.000288500
2200 0.002032000
2200 0.001460300
2200 0.000443900
2200 0.000570100
2200 0.001285500
2200 0.000822300
2200 0.000680500
2200 0.000282500
2200 0.001049200
2200 0.000510400
2200 0.001704500
2200 0.001623700
2200 0.001400800
2200 0.001402500
2200 0.001353200
2200 0.001413500
2200 0.001393000
2400 0.001644600
2400 0.000784600
2400 0.002991700
2400 0.000310700
2400 0.001625900
2400 0.000310500
2400 0.000383900
2400 0.000313700
2400 0.000307600
2400 0.000636600
2400 0.000314800
2400 0.001829900
2400 0.001218400
2400 0.001292800
2400 0.000637200
2400 0.000315000
2400 0.001818300
2400 0.001127000
2400 0.000497600
2400 0.000311300
2400 0.001672600
2400 0.000893700
2400 0.000436000
2400 0.000316000
2400 0.000955700
2400 0.000677100
2400 0.001678000
2400 0.001663600
2400 0.001664800
2400 0.001569900
2400 0.001637100
2400 0.001709300
2400 0.001602300
2600 0.001844100
2600 0.000882000
2600 0.003521700
2600 0.000356800
2600 0.001882000
2600 0.000336400
2600 0.000383800
2600 0.000333000
2600 0.000336500
2600 0.000771900
2600 0.000333300
2600 0.002100200
2600 0.001367300
2600 0.001568600
2600 0.000672000
2600 0.000338800
2600 0.002304500
2600 0.001291600
2600 0.000572900
2600 0.000333200
2600 0.001702500
2600 0.001293300
2600 0.000427900
2600 0.000334600
2600 0.000980600
2600 0.000807200
2600 0.002029800
2600 0.001859400
2600 0.002089100
2600 0.002094800
2600 0.001841700
2600 0.001864100
2600 0.001894500
2800 0.002084800
2800 0.001023800
2800 0.004454600
2800 0.000400100
2800 0.002235500
2800 0.000358500
2800 0.000432200
2800 0.000363900
2800 0.000370000
2800 0.000833500
2800 0.000361300
2800 0.002475900
2800 0.001410200
2800 0.001673600
2800 0.000783700
2800 0.000371100
2800 0.002622500
2800 0.001592600
2800 0.000745300
2800 0.000377900
2800 0.002089900
2800 0.001217100
2800 0.000530600
2800 0.000366200
2800 0.001103000
2800 0.001058000
2800 0.003451500
2800 0.002190100
2800 0.002304900
2800 0.002089800
2800 0.002235200
2800 0.002324000
2800 0.002263900
3000 0.002361900
3000 0.001252600
3000 0.004863100
3000 0.000387800
3000 0.002955600
3000 0.000395700
3000 0.000473900
3000 0.000387500
3000 0.000387600
3000 0.000898700
3000 0.000391500
3000 0.002772200
3000 0.001847500
3000 0.002034000
3000 0.000941500
3000 0.000394300
3000 0.002752300
3000 0.001605600
3000 0.000699100
3000 0.000388100
3000 0.002178100
3000 0.001384200
3000 0.000519600
3000 0.000384500
3000 0.001959700
3000 0.000920100
3000 0.002641200
3000 0.002416900
3000 0.002439000
3000 0.002451500
3000 0.002455400
3000 0.002466800
3000 0.002427700
3200 0.002774700
3200 0.001298200
3200 0.004952100
3200 0.000493600
3200 0.002963400
3200 0.000412900
3200 0.000480800
3200 0.000422300
3200 0.000418300
3200 0.000962300
3200 0.000421000
3200 0.003199100
3200 0.002187800
3200 0.002124100
3200 0.001021000
3200 0.000419800
3200 0.003130200
3200 0.002181400
3200 0.000810800
3200 0.000416700
3200 0.002833400
3200 0.001702400
3200 0.000537600
3200 0.000449900
3200 0.001380400
3200 0.000868900
3200 0.002860300
3200 0.003089400
3200 0.002795900
3200 0.002938900
3200 0.002730500
3200 0.002904600
3200 0.002723600
3400 0.004871500
3400 0.001409800
3400 0.005685300
3400 0.000459400
3400 0.003071900
3400 0.000441200
3400 0.000492000
3400 0.000438000
3400 0.000440600
3400 0.001120500
3400 0.000442600
3400 0.003456300
3400 0.002177700
3400 0.002992600
3400 0.001052700
3400 0.000447800
3400 0.003757000
3400 0.001999800
3400 0.000851700
3400 0.000440000
3400 0.002795300
3400 0.001735900
3400 0.000625000
3400 0.000438100
3400 0.001525600
3400 0.000936000
3400 0.003068000
3400 0.003009600
3400 0.003642100
3400 0.002941400
3400 0.003108200
3400 0.003274600
3400 0.003012800
3600 0.003349500
3600 0.001611600
3600 0.006249000
3600 0.000506700
3600 0.003684200
3600 0.000500300
3600 0.000512000
3600 0.000463800
3600 0.000470400
3600 0.001193500
3600 0.000470000
3600 0.003882400
3600 0.002220100
3600 0.002659000
3600 0.001183600
3600 0.000463900
3600 0.003906300
3600 0.002141900
3600 0.000946000
3600 0.000471200
3600 0.003258200
3600 0.001848600
3600 0.000621400
3600 0.000488900
3600 0.001619800
3600 0.001252000
3600 0.003680800
3600 0.003367600
3600 0.003398300
3600 0.003363900
3600 0.003400700
3600 0.003827400
3600 0.003551100
3800 0.003901900
3800 0.002576100
3800 0.007158300
3800 0.000510300
3800 0.003888800
3800 0.000538700
3800 0.000618000
3800 0.000497200
3800 0.000494400
3800 0.001285000
3800 0.000500000
3800 0.004332700
3800 0.002416900
3800 0.002971200
3800 0.001268200
3800 0.000492800
3800 0.004828000
3800 0.002454100
3800 0.001037300
3800 0.000494800
3800 0.003790100
3800 0.002152200
3800 0.000702600
3800 0.000548200
3800 0.001759400
3800 0.001376400
3800 0.003716200
3800 0.003815700
3800 0.004705900
3800 0.003717900
3800 0.003768800
3800 0.003723600
3800 0.003896700
4000 0.004267200
4000 0.001958700
4000 0.010086600
4000 0.000525200
4000 0.004154800
4000 0.000532400
4000 0.000580500
4000 0.000520200
4000 0.000527500
4000 0.001342200
4000 0.000530900
4000 0.004654400
4000 0.002687100
4000 0.003344100
4000 0.001443200
4000 0.000521800
4000 0.005072000
4000 0.002706900
4000 0.001185700
4000 0.000524900
4000 0.003806400
4000 0.002098900
4000 0.000773500
4000 0.000512000
4000 0.002094200
4000 0.001294400
4000 0.004503200
4000 0.004498900
4000 0.004238200
4000 0.004516000
4000 0.004240300
4000 0.004085400
4000 0.004239700
4200 0.004610300
4200 0.002229100
4200 0.008366600
4200 0.000619800
4200 0.004539300
4200 0.000540600
4200 0.000614100
4200 0.000580400
4200 0.000545800
4200 0.001461300
4200 0.000549500
4200 0.005418800
4200 0.003164500
4200 0.003651800
4200 0.001586600
4200 0.000545200
4200 0.005253200
4200 0.003067300
4200 0.001192000
4200 0.000540400
4200 0.004198700
4200 0.002477700
4200 0.000802300
4200 0.000556500
4200 0.003277500
4200 0.002448800
4200 0.004533500
4200 0.009372900
4200 0.004752500
4200 0.004650700
4200 0.004808800
4200 0.004520200
4200 0.004925400
4400 0.004898200
4400 0.004142400
4400 0.009450700
4400 0.000563000
4400 0.004938500
4400 0.000592300
4400 0.000622700
4400 0.000570600
4400 0.000581300
4400 0.001556500
4400 0.000580300
4400 0.005860200
4400 0.003279300
4400 0.004077900
4400 0.001550300
4400 0.000590600
4400 0.005961300
4400 0.003155900
4400 0.001251400
4400 0.000569700
4400 0.004357600
4400 0.002550600
4400 0.000842200
4400 0.000571200
4400 0.002398600
4400 0.001446000
4400 0.005021700
4400 0.005102100
4400 0.005105700
4400 0.004905400
4400 0.005094600
4400 0.004996500
4400 0.005176700
4600 0.005912900
4600 0.002497400
4600 0.010383500
4600 0.000600200
4600 0.005366700
4600 0.000594300
4600 0.000648100
4600 0.000605000
4600 0.000602300
4600 0.001706200
4600 0.000594600
4600 0.006380100
4600 0.003528100
4600 0.004453700
4600 0.001802600
4600 0.000597100
4600 0.006287800
4600 0.003346900
4600 0.001394000
4600 0.000597300
4600 0.004787700
4600 0.002830200
4600 0.000891700
4600 0.000595900
4600 0.002461600
4600 0.001613800
4600 0.006585700
4600 0.005433200
4600 0.005771900
4600 0.005442700
4600 0.006176700
4600 0.005536200
4600 0.005523500
4800 0.005961100
4800 0.002636100
4800 0.010825200
4800 0.000626200
4800 0.005935200
4800 0.000622100
4800 0.001190800
4800 0.000635000
4800 0.000670300
4800 0.001977600
4800 0.000620700
4800 0.006607200
4800 0.003638400
4800 0.004506800
4800 0.001863900
4800 0.000626500
4800 0.006716700
4800 0.003842600
4800 0.001392400
4800 0.000644100
4800 0.005258000
4800 0.002948800
4800 0.000887900
4800 0.000617200
4800 0.002872900
4800 0.001656100
4800 0.005770600
4800 0.005744400
4800 0.005752400
4800 0.005639100
4800 0.006835300
4800 0.005959700
4800 0.006021200
5000 0.006391000
5000 0.002959200
5000 0.012027100
5000 0.000640000
5000 0.006192700
5000 0.000652600
5000 0.000703900
5000 0.000648300
5000 0.000674200
5000 0.001919000
5000 0.000639700
5000 0.007091200
5000 0.006547000
5000 0.005079700
5000 0.002019900
5000 0.000654000
5000 0.007055400
5000 0.005587500
5000 0.001575900
5000 0.000673200
5000 0.005681900
5000 0.003150700
5000 0.000951600
5000 0.000645700
5000 0.002938500
5000 0.001817800
5000 0.006596100
5000 0.006524700
5000 0.006285500
5000 0.006351500
5000 0.006138200
5000 0.006106300
5000 0.006146800
5200 0.006799400
5200 0.003224300
5200 0.012741500
5200 0.000672200
5200 0.006755100
5200 0.000737500
5200 0.000758300
5200 0.000668200
5200 0.000675900
5200 0.002133100
5200 0.000738600
5200 0.007635300
5200 0.004642200
5200 0.005346000
5200 0.002244300
5200 0.000667200
5200 0.007721500
5200 0.004507300
5200 0.001607400
5200 0.000672700
5200 0.005949000
5200 0.003477100
5200 0.001033800
5200 0.000675800
5200 0.003081600
5200 0.001915100
5200 0.006759000
5200 0.007162500
5200 0.006585000
5200 0.006792100
5200 0.006968000
5200 0.006624700
5200 0.007256400
5400 0.007324300
5400 0.003354700
5400 0.014299300
5400 0.000690800
5400 0.007726500
5400 0.000695100
5400 0.000844200
5400 0.000690700
5400 0.000690700
5400 0.002191300
5400 0.000696200
5400 0.008607200
5400 0.004854600
5400 0.005619300
5400 0.002415900
5400 0.000702000
5400 0.008315100
5400 0.004523500
5400 0.001803200
5400 0.000694200
5400 0.006592600
5400 0.003708300
5400 0.001151500
5400 0.000710000
5400 0.003185500
5400 0.001961500
5400 0.007346800
5400 0.007094900
5400 0.007137100
5400 0.007434300
5400 0.007107400
5400 0.007671200
5400 0.007454400
5600 0.007916100
5600 0.003576900
5600 0.015049600
5600 0.000728900
5600 0.008160900
5600 0.000766000
5600 0.000794900
5600 0.000725000
5600 0.000811000
5600 0.002490800
5600 0.000743200
5600 0.009047900
5600 0.004857300
5600 0.006073000
5600 0.002733900
5600 0.000772800
5600 0.009015800
5600 0.005082500
5600 0.001968000
5600 0.000719200
5600 0.007404400
5600 0.003851200
5600 0.001102100
5600 0.000758000
5600 0.003447500
5600 0.002214500
5600 0.008040200
5600 0.008139500
5600 0.007564100
5600 0.007665500
5600 0.009281400
5600 0.007963800
5600 0.007804300
5800 0.008609600
5800 0.003772900
5800 0.015850600
5800 0.000748200
5800 0.008378500
5800 0.000774200
5800 0.000781600
5800 0.000748000
5800 0.000748300
5800 0.002579400
5800 0.000755800
5800 0.010123400
5800 0.005153000
5800 0.006550200
5800 0.002520800
5800 0.000748300
5800 0.009858300
5800 0.005225400
5800 0.001967700
5800 0.000747900
5800 0.007460000
5800 0.004208700
5800 0.001184700
5800 0.000754800
5800 0.003781500
5800 0.002214000
5800 0.008478700
5800 0.008610100
5800 0.008573200
5800 0.008335200
5800 0.008184100
5800 0.008372100
5800 0.008228200
6000 0.009008700
6000 0.003791100
6000 0.016773400
6000 0.000780400
6000 0.009026500
6000 0.000813300
6000 0.000829800
6000 0.000807900
6000 0.000812000
6000 0.002828800
6000 0.000774600
6000 0.010804600
6000 0.005869500
6000 0.006887800
6000 0.002838500
6000 0.000767400
6000 0.010214700
6000 0.006129800
6000 0.002038200
6000 0.000774400
6000 0.007782800
6000 0.004687500
6000 0.001208700
6000 0.000828400
6000 0.003912700
6000 0.002467400
6000 0.008995600
6000 0.009347300
6000 0.008817400
6000 0.008950800
6000 0.009099300
6000 0.009047600
6000 0.008879100
6200 0.009157900
6200 0.003967300
6200 0.017998400
6200 0.000838300
6200 0.009407200
6200 0.000793000
6200 0.000917800
6200 0.000803700
6200 0.000799200
6200 0.002791300
6200 0.000855100
6200 0.010760900
6200 0.005732000
6200 0.008173300
6200 0.002952500
6200 0.000817000
6200 0.010869300
6200 0.006371600
6200 0.002042000
6200 0.000803500
6200 0.008312400
6200 0.005684900
6200 0.001282400
6200 0.000808900
6200 0.004532200
6200 0.002739500
6200 0.009602800
6200 0.009503000
6200 0.009531900
6200 0.009176400
6200 0.009743800
6200 0.009896400
6200 0.009546500
6400 0.010029100
6400 0.004222200
6400 0.020069100
6400 0.000825400
6400 0.010360400
6400 0.000818800
6400 0.000934400
6400 0.000846300
6400 0.000867900
6400 0.003129900
6400 0.000842700
6400 0.012496900
6400 0.006244000
6400 0.007643000
6400 0.002983500
6400 0.000915200
6400 0.012679700
6400 0.006254300
6400 0.002320600
6400 0.000878900
6400 0.009174000
6400 0.004844800
6400 0.001376900
6400 0.000847400
6400 0.004512400
6400 0.002773600
6400 0.009995700
6400 0.009980700
6400 0.010144000
6400 0.010772900
6400 0.010040100
6400 0.010665100
6400 0.010205100
6600 0.011913500
6600 0.004558300
6600 0.021177700
6600 0.000851300
6600 0.010800000
6600 0.000852200
6600 0.000933600
6600 0.000874200
6600 0.000857500
6600 0.003226600
6600 0.000849900
6600 0.012489300
6600 0.006600100
6600 0.008241100
6600 0.003164900
6600 0.000863700
6600 0.012008800
6600 0.006629900
6600 0.002303400
6600 0.000886900
6600 0.009553600
6600 0.005446200
6600 0.001590700
6600 0.000860800
6600 0.004986900
6600 0.002758300
6600 0.011730100
6600 0.010894400
6600 0.010977600
6600 0.010645100
6600 0.010671600
6600 0.010388000
6600 0.010539200
6800 0.011215000
6800 0.004874000
6800 0.021750200
6800 0.000882800
6800 0.011286900
6800 0.000885800
6800 0.000949400
6800 0.000892400
6800 0.000931600
6800 0.003368500
6800 0.000895500
6800 0.012923000
6800 0.007251900
6800 0.008923700
6800 0.003250000
6800 0.000888000
6800 0.013490700
6800 0.006864300
6800 0.002442500
6800 0.001257000
6800 0.010094900
6800 0.009591000
6800 0.001485400
6800 0.000931900
6800 0.004843500
6800 0.003245700
6800 0.011167800
6800 0.011479200
6800 0.011223300
6800 0.010979200
6800 0.011542500
6800 0.011260300
6800 0.011395400
7000 0.012000600
7000 0.005911900
7000 0.023049000
7000 0.000897600
7000 0.012175500
7000 0.000912900
7000 0.001000800
7000 0.000957700
7000 0.000931300
7000 0.003429400
7000 0.000918800
7000 0.013701500
7000 0.007461500
7000 0.009367100
7000 0.003520300
7000 0.000901900
7000 0.013779100
7000 0.007329800
7000 0.002599300
7000 0.000954100
7000 0.010859800
7000 0.005972800
7000 0.001571100
7000 0.000913300
7000 0.005458500
7000 0.003167300
7000 0.012049600
7000 0.012762300
7000 0.012246200
7000 0.011931400
7000 0.011949800
7000 0.012325700
7000 0.011896300
7200 0.012729800
7200 0.005376400
7200 0.024555700
7200 0.000955300
7200 0.012714600
7200 0.000969700
7200 0.001001000
7200 0.000929400
7200 0.000928300
7200 0.004080100
7200 0.000933600
7200 0.014619500
7200 0.007857600
7200 0.010150200
7200 0.003914600
7200 0.000952300
7200 0.014351300
7200 0.007777900
7200 0.002870100
7200 0.000972700
7200 0.011310500
7200 0.006392100
7200 0.001481200
7200 0.000963500
7200 0.005626000
7200 0.003301600
7200 0.013082100
7200 0.013104500
7200 0.012793600
7200 0.012403300
7200 0.013173300
7200 0.013090600
7200 0.012735300
7400 0.013874900
7400 0.005781900
7400 0.025924900
7400 0.000954800
7400 0.013815400
7400 0.000946300
7400 0.001102100
7400 0.000957100
7400 0.000954000
7400 0.003961500
7400 0.000946500
7400 0.015519300
7400 0.008411400
7400 0.010800600
7400 0.003903700
7400 0.000961700
7400 0.015528300
7400 0.008362900
7400 0.003092200
7400 0.000961600
7400 0.011856000
7400 0.006487500
7400 0.001759000
7400 0.000949000
7400 0.005961100
7400 0.003524000
7400 0.013194200
7400 0.013434700
7400 0.013346900
7400 0.013496500
7400 0.013100800
7400 0.013090800
7400 0.013232100
7600 0.014742100
7600 0.005783700
7600 0.027568000
7600 0.000991300
7600 0.014250900
7600 0.000994000
7600 0.001060600
7600 0.001197600
7600 0.001059400
7600 0.004171700
7600 0.002030600
7600 0.016118800
7600 0.008657100
7600 0.012831500
7600 0.004047500
7600 0.001003900
7600 0.017048800
7600 0.008639300
7600 0.003217000
7600 0.001024700
7600 0.012531100
7600 0.006917200
7600 0.001658600
7600 0.001088400
7600 0.006098900
7600 0.003675000
7600 0.014450400
7600 0.014581400
7600 0.014408600
7600 0.013989200
7600 0.014055000
7600 0.013880500
7600 0.013871300
7800 0.014758500
7800 0.006091600
7800 0.029266500
7800 0.001026500
7800 0.014718100
7800 0.001068600
7800 0.001088200
7800 0.001014500
7800 0.001106000
7800 0.004306100
7800 0.001015500
7800 0.016878500
7800 0.009101400
7800 0.011634900
7800 0.004468300
7800 0.001195300
7800 0.016823700
7800 0.008883800
7800 0.003221300
7800 0.001057600
7800 0.013230700
7800 0.007298000
7800 0.001729300
7800 0.001050300
7800 0.006447700
7800 0.003801200
7800 0.014806400
7800 0.015002100
7800 0.015348700
7800 0.014653300
7800 0.014988200
7800 0.014729000
7800 0.015464800
8000 0.015657000
8000 0.006484600
8000 0.029626000
8000 0.001077900
8000 0.015836500
8000 0.001032100
8000 0.001124100
8000 0.001088100
8000 0.001066600
8000 0.004757100
8000 0.001070600
8000 0.017835900
8000 0.009443900
8000 0.012100900
8000 0.004629800
8000 0.001032400
8000 0.018005600
8000 0.009731400
8000 0.003605300
8000 0.001063100
8000 0.013870000
8000 0.007493600
8000 0.001862000
8000 0.001042200
8000 0.006932200
8000 0.004039700
8000 0.015191400
8000 0.015574500
8000 0.015583900
8000 0.015464700
8000 0.015753800
8000 0.015676100
8000 0.015556300
8200 0.016408900
8200 0.006850600
8200 0.031469100
8200 0.001060600
8200 0.016807800
8200 0.001122000
8200 0.001133900
8200 0.001059100
8200 0.001077700
8200 0.004760600
8200 0.001062000
8200 0.018799500
8200 0.010225900
8200 0.012707500
8200 0.004833100
8200 0.001107500
8200 0.019263500
8200 0.010467200
8200 0.003478300
8200 0.001071200
8200 0.014405000
8200 0.007863300
8200 0.002075700
8200 0.001057900
8200 0.007045700
8200 0.004156600
8200 0.016318600
8200 0.015919700
8200 0.016397400
8200 0.016152400
8200 0.016123200
8200 0.016336400
8200 0.016412400
8400 0.017091900
8400 0.007055700
8400 0.032642900
8400 0.001136600
8400 0.017120100
8400 0.001106700
8400 0.001171700
8400 0.001091600
8400 0.001116300
8400 0.004789800
8400 0.001142200
8400 0.019838200
8400 0.010986200
8400 0.013400000
8400 0.005089700
8400 0.001278500
8400 0.019644600
8400 0.010471600
8400 0.003554800
8400 0.001095200
8400 0.015299700
8400 0.008387400
8400 0.002158400
8400 0.001115500
8400 0.007894800
8400 0.004186100
8400 0.017395900
8400 0.017313500
8400 0.016960000
8400 0.017219600
8400 0.016914800
8400 0.017087800
8400 0.016711500
8600 0.018055000
8600 0.007637300
8600 0.034306000
8600 0.001295900
8600 0.017985600
8600 0.001113300
8600 0.001186400
8600 0.001163900
8600 0.001116700
8600 0.005271600
8600 0.001120600
8600 0.020712700
8600 0.011158000
8600 0.014261900
8600 0.005093800
8600 0.001156200
8600 0.020474300
8600 0.011099900
8600 0.003705000
8600 0.001109700
8600 0.015852400
8600 0.008497900
8600 0.001983400
8600 0.001120000
8600 0.007445600
8600 0.004374100
8600 0.018347000
8600 0.017706000
8600 0.018115300
8600 0.018051200
8600 0.017622900
8600 0.017823600
8600 0.017274500
8800 0.018869000
8800 0.007791200
8800 0.036509500
8800 0.001126200
8800 0.018883600
8800 0.001135800
8800 0.001242500
8800 0.001155400
8800 0.001150100
8800 0.005559900
8800 0.001181200
8800 0.022506100
8800 0.011725800
8800 0.015005200
8800 0.005605500
8800 0.001224000
8800 0.021484900
8800 0.011505000
8800 0.004101100
8800 0.001136300
8800 0.017449600
8800 0.009040900
8800 0.002108900
8800 0.001145400
8800 0.007902100
8800 0.004989400
8800 0.018621500
8800 0.019442100
8800 0.018668900
8800 0.018853300
8800 0.019041800
8800 0.019806100
8800 0.019821700
9000 0.019817500
9000 0.008244800
9000 0.038129700
9000 0.001213600
9000 0.019713800
9000 0.001192400
9000 0.001259100
9000 0.001448300
9000 0.001186400
9000 0.005648200
9000 0.001180400
9000 0.022497000
9000 0.012228500
9000 0.014921000
9000 0.005579100
9000 0.001198300
9000 0.022343000
9000 0.012220900
9000 0.004048600
9000 0.001167300
9000 0.017319300
9000 0.009246200
9000 0.002275600
9000 0.001152700
9000 0.009323500
9000 0.004580300
9000 0.019606000
9000 0.019413600
9000 0.019599800
9000 0.019539700
9000 0.019574100
9000 0.019834600
9000 0.019564500
9200 0.020837300
9200 0.008514200
9200 0.042014700
9200 0.001202600
9200 0.020599400
9200 0.001188700
9200 0.001283800
9200 0.001187600
9200 0.001237100
9200 0.005826200
9200 0.001241100
9200 0.023931500
9200 0.012584000
9200 0.016032300
9200 0.005658500
9200 0.001190500
9200 0.023298500
9200 0.012141500
9200 0.004115900
9200 0.001183900
9200 0.018024800
9200 0.009632900
9200 0.002201000
9200 0.001237000
9200 0.008615300
9200 0.004981700
9200 0.020855700
9200 0.020605000
9200 0.020336300
9200 0.020548900
9200 0.020544200
9200 0.020367200
9200 0.020316700
9400 0.021343100
9400 0.008864100
9400 0.041331300
9400 0.001251500
9400 0.021428400
9400 0.001478300
9400 0.001333100
9400 0.001227300
9400 0.001269800
9400 0.005843400
9400 0.001224200
9400 0.025732200
9400 0.013130900
9400 0.016425800
9400 0.005990100
9400 0.001222400
9400 0.024482800
9400 0.013257700
9400 0.004246000
9400 0.001323600
9400 0.019185600
9400 0.010500000
9400 0.002339400
9400 0.001244100
9400 0.009204500
9400 0.005501500
9400 0.021729000
9400 0.021145900
9400 0.021147700
9400 0.021412900
9400 0.021557400
9400 0.021846200
9400 0.022116900
9600 0.022154400
9600 0.009471600
9600 0.042811900
9600 0.001279600
9600 0.022949400
9600 0.001278500
9600 0.001384300
9600 0.001245000
9600 0.001240700
9600 0.006213100
9600 0.001265800
9600 0.026196600
9600 0.013601800
9600 0.017472600
9600 0.006441400
9600 0.001283100
9600 0.025793400
9600 0.013641200
9600 0.004416600
9600 0.001294900
9600 0.020151500
9600 0.011034800
9600 0.002383800
9600 0.001257300
9600 0.009374800
9600 0.005524700
9600 0.022065400
9600 0.022076000
9600 0.022590300
9600 0.022329900
9600 0.021846100
9600 0.022503200
9600 0.021744300
9800 0.023120800
9800 0.009196600
9800 0.045081400
9800 0.001286300
9800 0.023382400
9800 0.001279700
9800 0.001413400
9800 0.001384200
9800 0.001311300
9800 0.006479700
9800 0.001311100
9800 0.026316500
9800 0.015060400
9800 0.017632500
9800 0.006224400
9800 0.001271500
9800 0.026452200
9800 0.013847800
9800 0.004659000
9800 0.001279700
9800 0.020679300
9800 0.010930100
9800 0.002307300
9800 0.001292300
9800 0.009668000
9800 0.005922000
9800 0.023285500
9800 0.022697500
9800 0.023336200
9800 0.022887400
9800 0.023155400
9800 0.022974000
9800 0.023451100
10000 0.024186000
10000 0.009961400
10000 0.051139200
10000 0.001295600
10000 0.024282100
10000 0.001302600
10000 0.001404000
10000 0.001305100
10000 0.001289000
10000 0.006775300
10000 0.001337500
10000 0.032364600
10000 0.014772900
10000 0.018565100
10000 0.006681700
10000 0.001292700
10000 0.027965300
10000 0.014664700
10000 0.004906700
10000 0.001308700
10000 0.021217300
10000 0.011210700
10000 0.002509400
10000 0.001316600
10000 0.010335800
10000 0.006377900
10000 0.025114600
10000 0.023946300
10000 0.024091400
10000 0.024573000
10000 0.023848100
10000 0.023726300
10000 0.023760200
