200 0.001367900
200 0.000687300
200 0.007189000
200 0.001988600
200 0.017523800
200 0.012660800
200 0.001661500
200 0.000051400
200 0.001037900
200 0.002023800
200 0.001512200
200 0.000797800
200 0.001127600
200 0.000850900
200 0.001404100
200 0.001247100
200 0.000708500
200 0.000341000
200 0.000771500
200 0.000538600
200 0.000576000
200 0.000567400
200 0.000383100
200 0.000399800
200 0.000373900
200 0.002475200
200 0.001561300
200 0.002004900
200 0.002049700
200 0.002590800
200 0.001458300
200 0.001986500
400 0.004177100
400 0.001920200
400 0.036884300
400 0.013716500
400 0.042490400
400 0.054262000
400 0.003195500
400 0.000098500
400 0.001131000
400 0.003261800
400 0.003194300
400 0.000982600
400 0.001315500
400 0.001593400
400 0.006015400
400 0.003059500
400 0.001568700
400 0.001037000
400 0.003286800
400 0.002120800
400 0.003687000
400 0.000563500
400 0.000827300
400 0.000723300
400 0.000498300
400 0.003401300
400 0.002936700
400 0.003097000
400 0.002702300
400 0.002996600
400 0.004237000
400 0.002981800
600 0.004223300
600 0.002555900
600 0.070930400
600 0.025974800
600 0.101823100
600 0.067974200
600 0.004073300
600 0.000144200
600 0.002064100
600 0.013726400
600 0.010208500
600 0.001608200
600 0.001947000
600 0.001483400
600 0.014218900
600 0.012004300
600 0.001599300
600 0.001369100
600 0.006789400
600 0.006584200
600 0.001869700
600 0.000590000
600 0.001298400
600 0.002040600
600 0.000635600
600 0.003815900
600 0.004182200
600 0.004218300
600 0.004075200
600 0.004041300
600 0.004864400
600 0.005024500
800 0.006618500
800 0.004877900
800 0.055654000
800 0.041618500
800 0.307302100
800 0.267824900
800 0.006887100
800 0.000435200
800 0.002229500
800 0.020896300
800 0.012875000
800 0.002901300
800 0.003080200
800 0.003102500
800 0.025684700
800 0.017553500
800 0.002517700
800 0.001701500
800 0.011645500
800 0.008017100
800 0.001843900
800 0.000904500
800 0.002332000
800 0.001264300
800 0.001191100
800 0.006558100
800 0.006659400
800 0.007154100
800 0.008229500
800 0.006049200
800 0.006723800
800 0.007402100
1000 0.009369800
1000 0.003705800
1000 0.206528000
1000 0.059433200
1000 0.403193100
1000 0.404465400
1000 0.006902400
1000 0.000238400
1000 0.002468100
1000 0.029117300
1000 0.015980500
1000 0.003489600
1000 0.003537100
1000 0.002392700
1000 0.026072900
1000 0.016920500
1000 0.003333300
1000 0.001769400
1000 0.018692900
1000 0.013031200
1000 0.001828100
1000 0.000804700
1000 0.003557100
1000 0.002758500
1000 0.001100700
1000 0.008175700
1000 0.008596100
1000 0.007171300
1000 0.007441600
1000 0.007985500
1000 0.007262400
1000 0.008146800
1200 0.009200900
1200 0.004229800
1200 0.095757300
1200 0.037653600
1200 0.367695700
1200 0.315135100
1200 0.008021700
1200 0.000280200
1200 0.003131500
1200 0.051526600
1200 0.017918200
1200 0.003782600
1200 0.004640100
1200 0.002751800
1200 0.020468300
1200 0.037026300
1200 0.003274800
1200 0.002045200
1200 0.026727800
1200 0.022753900
1200 0.002461600
1200 0.001310600
1200 0.005019000
1200 0.004763700
1200 0.001344000
1200 0.009456500
1200 0.011676400
1200 0.009562600
1200 0.009691100
1200 0.009454000
1200 0.009339100
1200 0.009601400
1400 0.011093100
1400 0.004663700
1400 0.185161600
1400 0.098100300
1400 0.599791800
1400 0.528914500
1400 0.011578100
1400 0.000324200
1400 0.003280200
1400 0.038144700
1400 0.035771000
1400 0.003587100
1400 0.005165000
1400 0.003926700
1400 0.039522500
1400 0.018033400
1400 0.003575600
1400 0.002412200
1400 0.018942200
1400 0.014053500
1400 0.002523000
1400 0.001274400
1400 0.003074000
1400 0.003538500
1400 0.001335100
1400 0.011306600
1400 0.011271200
1400 0.012096700
1400 0.011109900
1400 0.011401800
1400 0.011613500
1400 0.010730300
1600 0.012901800
1600 0.005883100
1600 0.090842300
1600 0.072174400
1600 0.895768000
1600 0.941128200
1600 0.012381700
1600 0.000375700
1600 0.003762300
1600 0.053277700
1600 0.030730200
1600 0.004106300
1600 0.006321000
1600 0.003631000
1600 0.077096900
1600 0.029617600
1600 0.004389200
1600 0.003199200
1600 0.031143700
1600 0.044376700
1600 0.003031400
1600 0.001401500
1600 0.008678500
1600 0.008597400
1600 0.001568900
1600 0.012820100
1600 0.012751700
1600 0.013300500
1600 0.012708600
1600 0.012677400
1600 0.013437500
1600 0.013533900
1800 0.014936300
1800 0.006683700
1800 0.148712100
1800 0.082275600
1800 0.997572400
1800 1.113325300
1800 0.013047800
1800 0.000430300
1800 0.004438900
1800 0.050376400
1800 0.034464600
1800 0.004954500
1800 0.007442900
1800 0.004709100
1800 0.083922900
1800 0.018057400
1800 0.004794300
1800 0.004054600
1800 0.037411700
1800 0.018199100
1800 0.003530900
1800 0.001525500
1800 0.011147700
1800 0.005658200
1800 0.001694900
1800 0.014135400
1800 0.013988400
1800 0.013748200
1800 0.014374500
1800 0.014465200
1800 0.014711400
1800 0.014003700
2000 0.015715300
2000 0.007766400
2000 0.179136700
2000 0.106617400
2000 1.297036400
2000 1.367198300
2000 0.015929300
2000 0.000467600
2000 0.005198100
2000 0.111808400
2000 0.067452500
2000 0.007435100
2000 0.008706100
2000 0.004969200
2000 0.043230400
2000 0.078267900
2000 0.006657100
2000 0.003600600
2000 0.048805500
2000 0.041692800
2000 0.004479900
2000 0.001843800
2000 0.013282600
2000 0.010971500
2000 0.002039100
2000 0.015018200
2000 0.016373700
2000 0.016278900
2000 0.015364200
2000 0.016055400
2000 0.015528100
2000 0.014745400
2200 0.016611300
2200 0.008625800
2200 0.225505200
2200 0.191652600
2200 1.615701200
2200 1.595227900
2200 0.015947300
2200 0.000517400
2200 0.006568200
2200 0.133476100
2200 0.093046300
2200 0.006280800
2200 0.010120300
2200 0.005602400
2200 0.096695300
2200 0.072168500
2200 0.007860200
2200 0.003924800
2200 0.041839500
2200 0.020500100
2200 0.004872700
2200 0.002144200
2200 0.014720000
2200 0.008987500
2200 0.002178700
2200 0.017130200
2200 0.016532400
2200 0.016662400
2200 0.018010700
2200 0.018286200
2200 0.016325100
2200 0.017404700
2400 0.017616600
2400 0.009524900
2400 0.242975300
2400 0.148707500
2400 1.867076400
2400 1.935029300
2400 0.017998000
2400 0.000555600
2400 0.006684400
2400 0.074648600
2400 0.042542700
2400 0.007058400
2400 0.010140800
2400 0.006112200
2400 0.061285900
2400 0.063605200
2400 0.007302100
2400 0.005155300
2400 0.064016100
2400 0.040878000
2400 0.005048300
2400 0.002406900
2400 0.015622500
2400 0.007949900
2400 0.002878700
2400 0.019641400
2400 0.018102900
2400 0.019067200
2400 0.018634400
2400 0.017796400
2400 0.018212200
2400 0.019347100
2600 0.020234100
2600 0.010356800
2600 0.402671100
2600 0.230299800
2600 2.412141000
2600 2.656934900
2600 0.019663100
2600 0.000603900
2600 0.006419700
2600 0.132123400
2600 0.038788700
2600 0.008438500
2600 0.010320600
2600 0.007714500
2600 0.083807000
2600 0.052314400
2600 0.008022300
2600 0.004728800
2600 0.048882700
2600 0.037352200
2600 0.005723600
2600 0.002336400
2600 0.021062700
2600 0.011523100
2600 0.002530200
2600 0.020296400
2600 0.019996800
2600 0.020745000
2600 0.019833900
2600 0.020296000
2600 0.020566200
2600 0.020726100
2800 0.021753200
2800 0.011934600
2800 0.335974300
2800 0.204907200
2800 2.760495400
2800 3.293499500
2800 0.020995400
2800 0.000671700
2800 0.007720700
2800 0.168613300
2800 0.049508700
2800 0.009251200
2800 0.012489800
2800 0.007311000
2800 0.167286200
2800 0.102053700
2800 0.009546300
2800 0.005201500
2800 0.085251800
2800 0.040899600
2800 0.006029800
2800 0.002535400
2800 0.020937900
2800 0.012661100
2800 0.002748000
2800 0.020261500
2800 0.021278700
2800 0.020904600
2800 0.020977400
2800 0.022484800
2800 0.021934500
2800 0.020776400
3000 0.022458300
3000 0.012073800
3000 0.493159400
3000 0.358699800
3000 3.417683400
3000 3.516737400
3000 0.022875900
3000 0.000699100
3000 0.008160900
3000 0.184402400
3000 0.119258300
3000 0.009272800
3000 0.012855800
3000 0.008260900
3000 0.120995900
3000 0.144829400
3000 0.008715500
3000 0.005767300
3000 0.090920800
3000 0.122543300
3000 0.006459300
3000 0.002515400
3000 0.027893700
3000 0.010092100
3000 0.003123600
3000 0.024299200
3000 0.024977000
3000 0.024353000
3000 0.022588600
3000 0.022049600
3000 0.022856200
3000 0.022196300
3200 0.023742300
3200 0.012433900
3200 0.475932800
3200 0.306012400
3200 3.744866700
3200 3.822468700
3200 0.024403800
3200 0.000748900
3200 0.008890400
3200 0.202495000
3200 0.041871800
3200 0.009390600
3200 0.013851700
3200 0.009088600
3200 0.113326300
3200 0.050138400
3200 0.009802800
3200 0.005536800
3200 0.073328800
3200 0.024059400
3200 0.007591000
3200 0.002845500
3200 0.012374200
3200 0.008450500
3200 0.003302400
3200 0.023826500
3200 0.024588200
3200 0.023874300
3200 0.023709200
3200 0.024634100
3200 0.022855300
3200 0.025855700
3400 0.026218100
3400 0.012541100
3400 0.285065500
3400 0.271814000
3400 4.449000500
3400 4.871218500
3400 0.026139800
3400 0.000780600
3400 0.008943700
3400 0.173376600
3400 0.063111900
3400 0.010306200
3400 0.014548600
3400 0.009580900
3400 0.112906300
3400 0.052917800
3400 0.010360600
3400 0.006047000
3400 0.054437600
3400 0.034000200
3400 0.007631100
3400 0.003057900
3400 0.017195500
3400 0.021484300
3400 0.003529000
3400 0.024645500
3400 0.025681600
3400 0.024985100
3400 0.025097800
3400 0.023978000
3400 0.026002200
3400 0.025343100
3600 0.026215000
3600 0.013328800
3600 0.304302500
3600 0.317903300
3600 5.387756500
3600 5.534344300
3600 0.026963000
3600 0.000832800
3600 0.009351900
3600 0.162278300
3600 0.096892000
3600 0.012188700
3600 0.015373600
3600 0.011265300
3600 0.201526000
3600 0.088243600
3600 0.011569900
3600 0.007462900
3600 0.164124500
3600 0.060503500
3600 0.008864100
3600 0.003227700
3600 0.039040700
3600 0.019734500
3600 0.004211300
3600 0.026674200
3600 0.026380200
3600 0.027871600
3600 0.026172600
3600 0.026924400
3600 0.026438700
3600 0.025395500
3800 0.027086400
3800 0.013704100
3800 0.642284500
3800 0.495659000
3800 5.968212600
3800 6.130725800
3800 0.028920200
3800 0.000897300
3800 0.011631800
3800 0.303322300
3800 0.127352300
3800 0.012489800
3800 0.017449300
3800 0.011600400
3800 0.253586000
3800 0.129163600
3800 0.012185600
3800 0.007543000
3800 0.107595300
3800 0.082199600
3800 0.008310500
3800 0.003236300
3800 0.016345000
3800 0.012310500
3800 0.003742400
3800 0.027621200
3800 0.027219300
3800 0.028193100
3800 0.027445400
3800 0.027707300
3800 0.026563700
3800 0.029430500
4000 0.028641500
4000 0.015535200
4000 0.570348600
4000 0.440504600
4000 6.406631000
4000 6.542084100
4000 0.031029000
4000 0.000928200
4000 0.010761000
4000 0.219180800
4000 0.084603700
4000 0.012986500
4000 0.017714600
4000 0.011558900
4000 0.175501400
4000 0.062530700
4000 0.013680800
4000 0.008189900
4000 0.203386000
4000 0.164653200
4000 0.009718300
4000 0.003487400
4000 0.033213700
4000 0.018574600
4000 0.004198900
4000 0.029155000
4000 0.028329300
4000 0.029142400
4000 0.030141900
4000 0.027761400
4000 0.030607100
4000 0.028897400
4200 0.030993000
4200 0.015679100
4200 1.070909100
4200 0.434933100
4200 5.811475300
4200 6.736554600
4200 0.033230500
4200 0.000989400
4200 0.013042100
4200 0.194729600
4200 0.162711800
4200 0.012974600
4200 0.018731100
4200 0.011712000
4200 0.159816900
4200 0.115503800
4200 0.012429300
4200 0.008045900
4200 0.143440700
4200 0.112619500
4200 0.009531700
4200 0.003457600
4200 0.031968800
4200 0.013291700
4200 0.004455900
4200 0.030614000
4200 0.029330900
4200 0.030825900
4200 0.032226500
4200 0.030092200
4200 0.031822400
4200 0.029841900
4400 0.031900800
4400 0.016176700
4400 0.429517700
4400 0.392818700
4400 7.605906300
4400 7.408547500
4400 0.033612300
4400 0.001035800
4400 0.011942800
4400 0.190767100
4400 0.209353000
4400 0.013598000
4400 0.018129000
4400 0.011420300
4400 0.205498100
4400 0.118802200
4400 0.014085800
4400 0.009387900
4400 0.129106500
4400 0.112478800
4400 0.011136700
4400 0.004141700
4400 0.035141000
4400 0.017783600
4400 0.006748700
4400 0.032813900
4400 0.032483400
4400 0.031714600
4400 0.032084900
4400 0.032747100
4400 0.031680700
4400 0.032003700
4600 0.032357900
4600 0.016702300
4600 0.590373500
4600 0.553378900
4600 7.962210500
4600 7.397746400
4600 0.035652600
4600 0.001051800
4600 0.013814300
4600 0.347908100
4600 0.213471400
4600 0.015853500
4600 0.019897500
4600 0.012439600
4600 0.209695100
4600 0.206920500
4600 0.015509900
4600 0.008673600
4600 0.128023900
4600 0.047421200
4600 0.010899000
4600 0.004079000
4600 0.027784400
4600 0.020383300
4600 0.006042500
4600 0.034015800
4600 0.033106700
4600 0.033203400
4600 0.032644400
4600 0.033002100
4600 0.033482300
4600 0.033758000
4800 0.035073600
4800 0.018005600
4800 0.276862200
4800 0.461093200
4800 8.467261600
4800 8.715063500
4800 0.038062000
4800 0.001102000
4800 0.013476700
4800 0.274631600
4800 0.200214400
4800 0.015912200
4800 0.020188400
4800 0.012819000
4800 0.176681600
4800 0.085462100
4800 0.014677700
4800 0.009622500
4800 0.125045000
4800 0.087127600
4800 0.012338900
4800 0.004020900
4800 0.028615400
4800 0.016851900
4800 0.005225600
4800 0.034164900
4800 0.034839800
4800 0.034056100
4800 0.034218800
4800 0.034507000
4800 0.033788600
4800 0.034280500
5000 0.035138500
5000 0.020460000
5000 0.295714700
5000 0.388310100
5000 8.527915600
5000 9.683792400
5000 0.040493900
5000 0.001194600
5000 0.013853500
5000 0.289777400
5000 0.105483300
5000 0.016169000
5000 0.020955000
5000 0.014378800
5000 0.228882000
5000 0.116943700
5000 0.015507100
5000 0.011063000
5000 0.132250500
5000 0.108420100
5000 0.011681500
5000 0.004130300
5000 0.034252800
5000 0.022072700
5000 0.005500500
5000 0.035465800
5000 0.038560500
5000 0.037271300
5000 0.035372200
5000 0.038578700
5000 0.036618200
5000 0.035222100
5200 0.039859400
5200 0.019927900
5200 0.320211800
5200 0.649111800
5200 10.028622500
5200 10.758984600
5200 0.041562300
5200 0.001236300
5200 0.014301500
5200 0.383648000
5200 0.128817300
5200 0.017219700
5200 0.021979100
5200 0.014826500
5200 0.213487000
5200 0.067525500
5200 0.016696600
5200 0.010660500
5200 0.189082400
5200 0.046837000
5200 0.011723600
5200 0.004710000
5200 0.066322900
5200 0.041526200
5200 0.005576500
5200 0.038268700
5200 0.035657800
5200 0.036101700
5200 0.036819800
5200 0.037619500
5200 0.036697500
5200 0.037369900
5400 0.038741800
5400 0.021564500
5400 0.469391100
5400 0.471740700
5400 10.888463600
5400 10.388007100
5400 0.041882200
5400 0.001284200
5400 0.015327800
5400 0.301546100
5400 0.236706700
5400 0.016224500
5400 0.024410200
5400 0.014190000
5400 0.396703600
5400 0.185050700
5400 0.016811000
5400 0.011933900
5400 0.267047700
5400 0.094887200
5400 0.012814200
5400 0.004649100
5400 0.048038600
5400 0.024395800
5400 0.006994400
5400 0.040324700
5400 0.039739100
5400 0.037207400
5400 0.038792400
5400 0.037499800
5400 0.038755800
5400 0.038699900
5600 0.038647000
5600 0.020689200
5600 0.685438100
5600 0.693563000
5600 12.652533900
5600 11.694079000
5600 0.046282000
5600 0.001485200
5600 0.016760000
5600 0.432046600
5600 0.255278000
5600 0.018517900
5600 0.022998200
5600 0.014665500
5600 0.451414500
5600 0.127996000
5600 0.017420800
5600 0.011427400
5600 0.249756700
5600 0.141855300
5600 0.014001800
5600 0.004748600
5600 0.041221100
5600 0.031271200
5600 0.007082300
5600 0.040815700
5600 0.039933400
5600 0.040600000
5600 0.040047900
5600 0.042091600
5600 0.038303600
5600 0.041241000
5800 0.038894300
5800 0.020816300
5800 0.548672500
5800 0.688855200
5800 12.652146200
5800 14.921302700
5800 0.047109500
5800 0.001352100
5800 0.016432200
5800 0.399986700
5800 0.214837400
5800 0.018781600
5800 0.023366000
5800 0.017137700
5800 0.394056900
5800 0.283474100
5800 0.017118200
5800 0.011781400
5800 0.165018300
5800 0.117070200
5800 0.013532400
5800 0.005054300
5800 0.041332800
5800 0.030539700
5800 0.007203800
5800 0.042691200
5800 0.041304800
5800 0.042989400
5800 0.043119300
5800 0.044134000
5800 0.041686000
5800 0.041365900
6000 0.042189500
6000 0.025201800
6000 0.328088300
6000 0.435960200
6000 15.589725700
6000 16.805474400
6000 0.049383200
6000 0.001415400
6000 0.017600700
6000 0.455979400
6000 0.180415800
6000 0.019412800
6000 0.025430800
6000 0.016939600
6000 0.449108600
6000 0.169138100
6000 0.018835400
6000 0.013065400
6000 0.241464600
6000 0.106940800
6000 0.014229500
6000 0.005402400
6000 0.077937000
6000 0.041906700
6000 0.006995800
6000 0.041318500
6000 0.042047100
6000 0.041484300
6000 0.044037500
6000 0.042331700
6000 0.042164200
6000 0.043498600
6200 0.045265900
6200 0.023483600
6200 1.737187600
6200 0.895335900
6200 16.470030400
6200 15.365721000
6200 0.048988000
6200 0.001504300
6200 0.017076200
6200 0.540611700
6200 0.256847100
6200 0.018463000
6200 0.027340600
6200 0.016859100
6200 0.418447600
6200 0.225021300
6200 0.019818100
6200 0.012135600
6200 0.210692300
6200 0.246296400
6200 0.014872500
6200 0.005119700
6200 0.094592600
6200 0.030570100
6200 0.007031700
6200 0.046035400
6200 0.044815400
6200 0.044303500
6200 0.043449300
6200 0.044188400
6200 0.046128400
6200 0.041802500
6400 0.045448500
6400 0.023008600
6400 1.398078800
6400 0.614775400
6400 15.482954500
6400 15.853743900
6400 0.049224200
6400 0.001495700
6400 0.016440700
6400 0.327548000
6400 0.100629200
6400 0.019605700
6400 0.025723100
6400 0.017848300
6400 0.391377200
6400 0.352174800
6400 0.019150400
6400 0.012826300
6400 0.207788100
6400 0.102285600
6400 0.015056000
6400 0.005439600
6400 0.084214700
6400 0.033403200
6400 0.007158200
6400 0.046808800
6400 0.043757400
6400 0.045031100
6400 0.048091300
6400 0.046081100
6400 0.044893500
6400 0.046939900
6600 0.048810800
6600 0.025041000
6600 1.103545900
6600 0.626133300
6600 16.937873300
6600 15.977352400
6600 0.053114800
6600 0.001517000
6600 0.017063900
6600 0.491660900
6600 0.222426800
6600 0.021426700
6600 0.026431000
6600 0.019386500
6600 0.309072600
6600 0.261802400
6600 0.020234200
6600 0.013211600
6600 0.337313200
6600 0.128574100
6600 0.016682000
6600 0.006275400
6600 0.077315500
6600 0.027315900
6600 0.007214800
6600 0.045681400
6600 0.044975400
6600 0.044737400
6600 0.046849700
6600 0.047004300
6600 0.044959300
6600 0.045425400
6800 0.046999400
6800 0.024242100
6800 1.437435700
6800 0.604734400
6800 17.087483300
6800 19.364011200
6800 0.053592100
6800 0.001583000
6800 0.018037400
6800 0.450435700
6800 0.309011700
6800 0.020802900
6800 0.028174700
6800 0.019081800
6800 0.415161600
6800 0.478573500
6800 0.021380600
6800 0.014780600
6800 0.228197600
6800 0.224282900
6800 0.017651500
6800 0.006101400
6800 0.118618500
6800 0.039747700
6800 0.007585100
6800 0.049511400
6800 0.047067400
6800 0.047803100
6800 0.048790000
6800 0.046512500
6800 0.046792200
6800 0.048173400
7000 0.048871600
7000 0.024282300
7000 1.390574900
7000 0.715572900
7000 17.312789500
7000 19.436391100
7000 0.058578400
7000 0.001645000
7000 0.019702900
7000 0.558317800
7000 0.298234200
7000 0.022542200
7000 0.028311500
7000 0.019862600
7000 0.652067600
7000 0.136651800
7000 0.022379500
7000 0.015344600
7000 0.256044600
7000 0.173160000
7000 0.017911100
7000 0.006722700
7000 0.091349400
7000 0.068793900
7000 0.007746600
7000 0.048946200
7000 0.050301100
7000 0.049566300
7000 0.050687400
7000 0.048287100
7000 0.051600600
7000 0.045798500
7200 0.049760300
7200 0.025908100
7200 1.424569200
7200 0.937608500
7200 20.784709700
7200 23.175690100
7200 0.059262000
7200 0.001659000
7200 0.019514000
7200 0.513774100
7200 0.220278200
7200 0.022044500
7200 0.030045100
7200 0.020778400
7200 0.548470100
7200 0.173258200
7200 0.022237600
7200 0.015670100
7200 0.377726400
7200 0.298321000
7200 0.018584400
7200 0.005771500
7200 0.065686500
7200 0.044195200
7200 0.007695200
7200 0.051775800
7200 0.051202000
7200 0.051429900
7200 0.048977100
7200 0.050965600
7200 0.052286800
7200 0.048466400
7400 0.051707200
7400 0.027236800
7400 1.814835700
7400 1.016811500
7400 21.475640000
7400 22.137697900
7400 0.061637600
7400 0.001930300
7400 0.021046900
7400 0.540273300
7400 0.265632800
7400 0.022638400
7400 0.029682400
7400 0.020293400
7400 0.409099200
7400 0.224114400
7400 0.023693700
7400 0.017043100
7400 0.264750900
7400 0.177792400
7400 0.017502700
7400 0.006884900
7400 0.069087500
7400 0.045284800
7400 0.008755700
7400 0.052272700
7400 0.053554200
7400 0.051182600
7400 0.051727300
7400 0.052399800
7400 0.051766100
7400 0.051151200
7600 0.056403400
7600 0.026384800
7600 0.799254800
7600 0.600866800
7600 20.863187900
7600 21.360732200
7600 0.061899100
7600 0.001805900
7600 0.020959700
7600 0.459895600
7600 0.278137900
7600 0.023958800
7600 0.029889900
7600 0.022173600
7600 0.456334900
7600 0.274121200
7600 0.024202900
7600 0.016037300
7600 0.275757500
7600 0.125577000
7600 0.018755000
7600 0.007032700
7600 0.092113700
7600 0.049960500
7600 0.008305400
7600 0.051801800
7600 0.053375000
7600 0.054261500
7600 0.053561600
7600 0.053687100
7600 0.052335900
7600 0.054294000
7800 0.055536300
7800 0.027369100
7800 0.869289700
7800 0.627817900
7800 21.382466200
7800 27.112273600
7800 0.063879700
7800 0.001808600
7800 0.020764100
7800 0.484038200
7800 0.268601800
7800 0.023976100
7800 0.030769700
7800 0.022719400
7800 0.450898000
7800 0.205916500
7800 0.025224300
7800 0.016600600
7800 0.327777000
7800 0.223711900
7800 0.018674400
7800 0.007408400
7800 0.122797500
7800 0.087098800
7800 0.008823300
7800 0.052122900
7800 0.053158500
7800 0.051721900
7800 0.055842500
7800 0.055143700
7800 0.056348700
7800 0.056393700
8000 0.055578100
8000 0.029770800
8000 1.293064300
8000 0.771753600
8000 23.185854200
8000 24.085031100
8000 0.062319000
8000 0.001850500
8000 0.020805300
8000 0.513602700
8000 0.286455000
8000 0.023773200
8000 0.034590500
8000 0.020990000
8000 0.694310700
8000 0.183326500
8000 0.025610800
8000 0.017511600
8000 0.453749700
8000 0.080399300
8000 0.019251400
8000 0.007617200
8000 0.070430200
8000 0.036741100
8000 0.009378400
8000 0.058174500
8000 0.056182400
8000 0.056178600
8000 0.054601600
8000 0.055708700
8000 0.060244800
8000 0.056638800
8200 0.060353900
8200 0.029065900
8200 1.062389300
8200 0.723788300
8200 24.878285000
8200 26.926281400
8200 0.065217700
8200 0.001918400
8200 0.021776300
8200 0.493202400
8200 0.552953400
8200 0.025614600
8200 0.033872500
8200 0.022931000
8200 0.574065000
8200 0.219745500
8200 0.026748900
8200 0.017075300
8200 0.250234700
8200 0.254326900
8200 0.019736800
8200 0.007431800
8200 0.082475800
8200 0.056981800
8200 0.010138700
8200 0.058106600
8200 0.057285100
8200 0.055627700
8200 0.058532400
8200 0.053600000
8200 0.063669100
8200 0.058975500
8400 0.057778800
8400 0.029527600
8400 1.814403200
8400 0.849178200
8400 26.063190600
8400 27.466754400
8400 0.069760800
8400 0.001977900
8400 0.021993500
8400 0.547954100
8400 0.215725800
8400 0.025347700
8400 0.034956500
8400 0.022273400
8400 0.380425700
8400 0.402992600
8400 0.026003500
8400 0.018100700
8400 0.271248100
8400 0.076064800
8400 0.019365600
8400 0.007243800
8400 0.072641900
8400 0.045983500
8400 0.009202100
8400 0.058260200
8400 0.060495200
8400 0.058020800
8400 0.060256100
8400 0.058531300
8400 0.057216200
8400 0.059960000
8600 0.059199200
8600 0.030315400
8600 0.555076500
8600 0.762382300
8600 29.630582600
8600 27.348101000
8600 0.070118200
8600 0.001998100
8600 0.022850000
8600 0.609065900
8600 0.522510900
8600 0.026073800
8600 0.034586300
8600 0.023417800
8600 0.570627100
8600 0.249455700
8600 0.027473900
8600 0.017519800
8600 0.353877600
8600 0.590792400
8600 0.019806300
8600 0.008440300
8600 0.151824800
8600 0.149000500
8600 0.009227600
8600 0.058421900
8600 0.060342800
8600 0.059033500
8600 0.058305000
8600 0.063520500
8600 0.055441100
8600 0.059602800
8800 0.062302100
8800 0.031850600
8800 1.069024400
8800 0.759166300
8800 31.506281900
8800 34.496509500
8800 0.073955800
8800 0.002055400
8800 0.024416100
8800 0.602535900
8800 0.577588000
8800 0.026790800
8800 0.034852300
8800 0.025109700
8800 0.752825300
8800 0.859098200
8800 0.027892700
8800 0.018751900
8800 0.495794600
8800 0.265208700
8800 0.021991600
8800 0.007804200
8800 0.153386800
8800 0.040756900
8800 0.009336800
8800 0.059917400
8800 0.058070400
8800 0.059003900
8800 0.060482800
8800 0.061802100
8800 0.063070000
8800 0.063924600
9000 0.061897900
9000 0.031275000
9000 2.234815200
9000 1.275446400
9000 35.165392400
9000 33.492813400
9000 0.073439500
9000 0.002095800
9000 0.024141500
9000 0.603971700
9000 0.474082800
9000 0.027362400
9000 0.034800700
9000 0.024228700
9000 0.686075500
9000 0.626613200
9000 0.027857400
9000 0.017852900
9000 0.424148500
9000 0.183371300
9000 0.021076400
9000 0.010195400
9000 0.066482700
9000 0.062230800
9000 0.009767800
9000 0.061218000
9000 0.067432000
9000 0.063364500
9000 0.062099300
9000 0.063564400
9000 0.060926000
9000 0.061867500
9200 0.070729000
9200 0.032146800
9200 1.075197400
9200 0.903072800
9200 33.224406600
9200 33.994524000
9200 0.077342300
9200 0.002137100
9200 0.024317400
9200 0.591055600
9200 0.189800400
9200 0.029056100
9200 0.036635500
9200 0.024289500
9200 0.609923700
9200 0.209217900
9200 0.027954900
9200 0.018753100
9200 0.403875000
9200 0.131274400
9200 0.021823400
9200 0.008598200
9200 0.122582400
9200 0.131698600
9200 0.011035400
9200 0.064929900
9200 0.063768900
9200 0.063254800
9200 0.059052000
9200 0.062810800
9200 0.062186500
9200 0.063335400
9400 0.066715600
9400 0.032631600
9400 1.807642800
9400 0.878249200
9400 34.162347400
9400 37.594640200
9400 0.075952800
9400 0.002165300
9400 0.024902500
9400 0.624521800
9400 0.460845400
9400 0.027974000
9400 0.036902200
9400 0.025356100
9400 0.634476400
9400 0.350761500
9400 0.027753100
9400 0.020641500
9400 0.645037100
9400 0.252260500
9400 0.022210200
9400 0.009564100
9400 0.201211000
9400 0.081530200
9400 0.010794000
9400 0.064523800
9400 0.069785100
9400 0.064539800
9400 0.064113900
9400 0.061153200
9400 0.065734100
9400 0.064118100
9600 0.063821900
9600 0.033590800
9600 1.780030100
9600 1.513108800
9600 41.847928700
9600 37.351937300
9600 0.079018500
9600 0.002215200
9600 0.025335000
9600 0.718897300
9600 0.218684500
9600 0.028785200
9600 0.037064200
9600 0.025011400
9600 0.791456500
9600 0.406662600
9600 0.029666200
9600 0.019423700
9600 0.571924800
9600 0.202917400
9600 0.022009600
9600 0.008642500
9600 0.135284300
9600 0.043900000
9600 0.012408000
9600 0.067552300
9600 0.063649700
9600 0.064871600
9600 0.069370400
9600 0.066216400
9600 0.066767300
9600 0.066466200
9800 0.067869800
9800 0.033801600
9800 1.276381000
9800 1.144738800
9800 36.408284400
9800 35.591349900
9800 0.081567400
9800 0.002432000
9800 0.026872600
9800 0.629200300
9800 0.196868800
9800 0.029769100
9800 0.038316500
9800 0.025753100
9800 0.666068500
9800 0.165215600
9800 0.030201900
9800 0.019879300
9800 0.425133200
9800 0.182944500
9800 0.024839800
9800 0.009703200
9800 0.075388100
9800 0.064958700
9800 0.010492000
9800 0.068045200
9800 0.067033700
9800 0.071771100
9800 0.071847600
9800 0.072101800
9800 0.072290400
9800 0.069569400
10000 0.066300000
10000 0.034321100
10000 1.095012300
10000 1.004719500
10000 41.921105800
10000 46.011929000
10000 0.086739300
10000 0.002333300
10000 0.030215600
10000 0.748822900
10000 0.880325900
10000 0.031760300
10000 0.042782500
10000 0.028633600
10000 0.915601100
10000 0.428664900
10000 0.030610700
10000 0.020481500
10000 0.729079800
10000 0.275726900
10000 0.025259000
10000 0.009828900
10000 0.110076000
10000 0.096950500
10000 0.011407600
10000 0.067031700
10000 0.068040800
10000 0.070463500
10000 0.071206300
10000 0.067414600
10000 0.069739500
10000 0.073440600
