200 0.000019200
200 0.000052200
200 0.000034800
200 0.000050400
200 0.000018400
200 0.000018100
200 0.000018500
200 0.000027900
200 0.000032200
200 0.000036300
200 0.000047500
200 0.000068000
200 0.000062200
200 0.000084700
200 0.000049300
200 0.000051900
200 0.000055900
200 0.000087000
200 0.000035700
200 0.000058400
200 0.000043700
200 0.000068600
200 0.000044400
200 0.000043700
200 0.000055700
200 0.000061700
200 0.000018300
200 0.000018500
200 0.000018000
200 0.000020200
200 0.000018200
200 0.000024200
200 0.000023200
400 0.000037900
400 0.000054800
400 0.000066600
400 0.000099900
400 0.000035200
400 0.000034800
400 0.000035300
400 0.000049800
400 0.000126300
400 0.000093900
400 0.000073300
400 0.000105300
400 0.000125100
400 0.000162700
400 0.000074700
400 0.000061300
400 0.000080700
400 0.000129000
400 0.000068400
400 0.000071400
400 0.000082500
400 0.000137800
400 0.000061300
400 0.000119600
400 0.000087700
400 0.000121300
400 0.000039500
400 0.000035300
400 0.000034700
400 0.000040900
400 0.000035400
400 0.000034900
400 0.000035200
600 0.000052100
600 0.000108800
600 0.000130100
600 0.000118400
600 0.000052000
600 0.000052200
600 0.000056000
600 0.000072200
600 0.000208200
600 0.000114900
600 0.000098800
600 0.000189200
600 0.000195500
600 0.000190300
600 0.000087600
600 0.000109500
600 0.000137800
600 0.000188800
600 0.000125200
600 0.000132300
600 0.000162600
600 0.000194100
600 0.000081800
600 0.000102700
600 0.000124100
600 0.000227000
600 0.000064500
600 0.000051900
600 0.000052600
600 0.000052400
600 0.000070500
600 0.000051800
600 0.000051900
800 0.000072800
800 0.000125400
800 0.000252400
800 0.000142300
800 0.000068700
800 0.000075300
800 0.000074700
800 0.000185400
800 0.000138200
800 0.000129200
800 0.000162900
800 0.000187300
800 0.000279800
800 0.000248900
800 0.000128700
800 0.000164600
800 0.000216500
800 0.000255000
800 0.000131100
800 0.000164400
800 0.000230000
800 0.000522200
800 0.000109500
800 0.000119000
800 0.000155200
800 0.000244200
800 0.000069200
800 0.000069000
800 0.000069000
800 0.000069400
800 0.000069400
800 0.000069300
800 0.000074600
1000 0.000085900
1000 0.000149200
1000 0.000142900
1000 0.000161500
1000 0.000086100
1000 0.000087100
1000 0.000090700
1000 0.000135500
1000 0.000252200
1000 0.000171800
1000 0.000173500
1000 0.000207600
1000 0.000364800
1000 0.000323800
1000 0.000160200
1000 0.000148500
1000 0.000175400
1000 0.000328500
1000 0.000156700
1000 0.000182100
1000 0.000206200
1000 0.000352500
1000 0.000152100
1000 0.000212700
1000 0.000146300
1000 0.000315700
1000 0.000085900
1000 0.000109300
1000 0.000091400
1000 0.000093900
1000 0.000098600
1000 0.000112100
1000 0.000093200
1200 0.000112300
1200 0.000349200
1200 0.000205500
1200 0.000214700
1200 0.000103700
1200 0.000103000
1200 0.000102700
1200 0.000182800
1200 0.000194500
1200 0.000232000
1200 0.000260600
1200 0.000320300
1200 0.000380100
1200 0.000391900
1200 0.000158600
1200 0.000250400
1200 0.000265000
1200 0.000376200
1200 0.000166300
1200 0.000171400
1200 0.000235400
1200 0.000428900
1200 0.000155600
1200 0.000187500
1200 0.000222100
1200 0.000352500
1200 0.000105500
1200 0.000111700
1200 0.000104300
1200 0.000130900
1200 0.000114900
1200 0.000103700
1200 0.000107900
1400 0.000143600
1400 0.000210900
1400 0.000411000
1400 0.000201200
1400 0.000120600
1400 0.000146600
1400 0.000120800
1400 0.000163700
1400 0.000359000
1400 0.000173400
1400 0.000260300
1400 0.000272300
1400 0.000490900
1400 0.000461500
1400 0.000170600
1400 0.000283600
1400 0.000292400
1400 0.000468500
1400 0.000213200
1400 0.000203900
1400 0.000300100
1400 0.000468100
1400 0.000177300
1400 0.000204100
1400 0.000246600
1400 0.000437200
1400 0.000123600
1400 0.000183500
1400 0.000161200
1400 0.000119200
1400 0.000157200
1400 0.000119200
1400 0.000125000
1600 0.000160600
1600 0.000218100
1600 0.000268000
1600 0.000322800
1600 0.000133900
1600 0.000138200
1600 0.000136500
1600 0.000327300
1600 0.000369400
1600 0.000290000
1600 0.000225700
1600 0.000309200
1600 0.000499700
1600 0.000568700
1600 0.000284800
1600 0.000225600
1600 0.000333600
1600 0.000545300
1600 0.000196800
1600 0.000234700
1600 0.000343500
1600 0.000505800
1600 0.000206400
1600 0.000205200
1600 0.000251000
1600 0.000482600
1600 0.000177300
1600 0.000226900
1600 0.000137800
1600 0.000161100
1600 0.000145500
1600 0.000133900
1600 0.000148600
1800 0.000158400
1800 0.000232200
1800 0.000469000
1800 0.000309600
1800 0.000154500
1800 0.000154000
1800 0.000150300
1800 0.000222800
1800 0.000301700
1800 0.000279800
1800 0.000320000
1800 0.000393500
1800 0.000552300
1800 0.000629000
1800 0.000213600
1800 0.000285100
1800 0.000389700
1800 0.000620900
1800 0.000265300
1800 0.000288400
1800 0.000375600
1800 0.000596000
1800 0.000219700
1800 0.000257700
1800 0.000252000
1800 0.000586600
1800 0.000153800
1800 0.000155700
1800 0.000154400
1800 0.000150200
1800 0.000190500
1800 0.000161600
1800 0.000162500
2000 0.000167500
2000 0.000241700
2000 0.000395500
2000 0.000360500
2000 0.000169400
2000 0.000167000
2000 0.000166400
2000 0.000231600
2000 0.000466000
2000 0.000290700
2000 0.000378100
2000 0.000370900
2000 0.000632200
2000 0.000638100
2000 0.000240900
2000 0.000387900
2000 0.000426700
2000 0.000643200
2000 0.000245500
2000 0.000350700
2000 0.000397600
2000 0.000637900
2000 0.000354200
2000 0.000385400
2000 0.000399500
2000 0.000607200
2000 0.000170200
2000 0.000174400
2000 0.000223600
2000 0.000174100
2000 0.000178500
2000 0.000184100
2000 0.000171000
2200 0.000207900
2200 0.000286500
2200 0.000414000
2200 0.000382900
2200 0.000183200
2200 0.000183900
2200 0.000186700
2200 0.000275600
2200 0.000543600
2200 0.000320600
2200 0.000415900
2200 0.000414000
2200 0.000676000
2200 0.000773400
2200 0.000272400
2200 0.000383200
2200 0.000428900
2200 0.000772900
2200 0.000330000
2200 0.000337800
2200 0.000479400
2200 0.000698500
2200 0.000343700
2200 0.000359700
2200 0.000433700
2200 0.000659200
2200 0.000186700
2200 0.000197000
2200 0.000196100
2200 0.000193800
2200 0.000195500
2200 0.000186000
2200 0.000196300
2400 0.000212900
2400 0.000290300
2400 0.000389700
2400 0.000368700
2400 0.000205000
2400 0.000239200
2400 0.000208500
2400 0.000306500
2400 0.000484800
2400 0.000285000
2400 0.000499700
2400 0.000306900
2400 0.000789800
2400 0.000814000
2400 0.000285400
2400 0.000465100
2400 0.000417300
2400 0.000795800
2400 0.000285800
2400 0.000440700
2400 0.000488500
2400 0.000742900
2400 0.000282900
2400 0.000407700
2400 0.000412300
2400 0.000768900
2400 0.000205200
2400 0.000209500
2400 0.000204800
2400 0.000201400
2400 0.000211200
2400 0.000205800
2400 0.000228600
2600 0.000216600
2600 0.000388600
2600 0.000624400
2600 0.000417100
2600 0.000221700
2600 0.000221700
2600 0.000221100
2600 0.000362600
2600 0.000778700
2600 0.000324700
2600 0.000412400
2600 0.000466100
2600 0.000851200
2600 0.000828600
2600 0.000345300
2600 0.000489300
2600 0.000520600
2600 0.000868400
2600 0.000325100
2600 0.000501000
2600 0.000525100
2600 0.000826700
2600 0.000306800
2600 0.000433700
2600 0.000451900
2600 0.000823500
2600 0.000227900
2600 0.000227200
2600 0.000216600
2600 0.000220300
2600 0.000233900
2600 0.000226200
2600 0.000227300
2800 0.000265300
2800 0.000423100
2800 0.000654600
2800 0.000470500
2800 0.000237300
2800 0.000235100
2800 0.000248200
2800 0.000425800
2800 0.000535400
2800 0.000405200
2800 0.000528800
2800 0.000610200
2800 0.000917000
2800 0.000965200
2800 0.000334700
2800 0.000423900
2800 0.000543300
2800 0.000928200
2800 0.000414700
2800 0.000467500
2800 0.000429900
2800 0.000874400
2800 0.000459100
2800 0.000342000
2800 0.000525800
2800 0.000851200
2800 0.000247000
2800 0.000273900
2800 0.000247700
2800 0.000282100
2800 0.000259700
2800 0.000247800
2800 0.000251600
3000 0.000257200
3000 0.000405500
3000 0.000777300
3000 0.000499400
3000 0.000249100
3000 0.000254200
3000 0.000258800
3000 0.000348100
3000 0.000594700
3000 0.000362400
3000 0.000538500
3000 0.000533900
3000 0.000985500
3000 0.001044800
3000 0.000365700
3000 0.000530700
3000 0.000586500
3000 0.001052800
3000 0.000430000
3000 0.000476600
3000 0.000531900
3000 0.000968500
3000 0.000361500
3000 0.000370500
3000 0.000627400
3000 0.000902000
3000 0.000267300
3000 0.000255100
3000 0.000284700
3000 0.000255400
3000 0.000266100
3000 0.000266400
3000 0.000272700
3200 0.000287600
3200 0.000477000
3200 0.000633000
3200 0.000514400
3200 0.000288000
3200 0.000269000
3200 0.000275000
3200 0.000410700
3200 0.000360400
3200 0.000428700
3200 0.000558800
3200 0.000537300
3200 0.001113500
3200 0.001132700
3200 0.000399000
3200 0.000574900
3200 0.000705700
3200 0.001115200
3200 0.000458300
3200 0.000565800
3200 0.000597800
3200 0.001002900
3200 0.000376800
3200 0.000435500
3200 0.000556700
3200 0.001022200
3200 0.000283200
3200 0.000300500
3200 0.000278400
3200 0.000316900
3200 0.000270500
3200 0.000334500
3200 0.000294400
3400 0.000292200
3400 0.000406800
3400 0.000599700
3400 0.000564300
3400 0.000283000
3400 0.000288200
3400 0.000286200
3400 0.000496000
3400 0.000596000
3400 0.000401900
3400 0.000597900
3400 0.000594400
3400 0.001196600
3400 0.001248500
3400 0.000409700
3400 0.000597100
3400 0.000679800
3400 0.001208400
3400 0.000481100
3400 0.000459200
3400 0.000593400
3400 0.001064400
3400 0.000586200
3400 0.000517700
3400 0.000587700
3400 0.000959800
3400 0.000301700
3400 0.000293200
3400 0.000295300
3400 0.000305600
3400 0.000305200
3400 0.000286000
3400 0.000305400
3600 0.000365300
3600 0.000498600
3600 0.001000900
3600 0.000587900
3600 0.000301500
3600 0.000336300
3600 0.000310000
3600 0.000514700
3600 0.000698700
3600 0.000454600
3600 0.000593100
3600 0.000650900
3600 0.001256300
3600 0.001447900
3600 0.000428100
3600 0.000529000
3600 0.000569000
3600 0.001217900
3600 0.000450800
3600 0.000672600
3600 0.000636300
3600 0.001123300
3600 0.000425000
3600 0.000532300
3600 0.000691800
3600 0.001228400
3600 0.000310100
3600 0.000343800
3600 0.000312500
3600 0.000364700
3600 0.000323200
3600 0.000325700
3600 0.000315300
3800 0.000333300
3800 0.000498400
3800 0.001072300
3800 0.001077400
3800 0.000320000
3800 0.000325100
3800 0.000321100
3800 0.000506600
3800 0.000753600
3800 0.000448400
3800 0.000652500
3800 0.000747700
3800 0.001522300
3800 0.001733000
3800 0.000493000
3800 0.000617200
3800 0.000718700
3800 0.001423900
3800 0.000578900
3800 0.000667500
3800 0.000601900
3800 0.001228100
3800 0.000483100
3800 0.000472400
3800 0.000682500
3800 0.001212300
3800 0.000342900
3800 0.000325500
3800 0.000332800
3800 0.000321000
3800 0.000343000
3800 0.000325200
3800 0.000367600
4000 0.000354900
4000 0.000518200
4000 0.000866400
4000 0.000595600
4000 0.000383400
4000 0.000331700
4000 0.000337800
4000 0.000547700
4000 0.000759300
4000 0.000506800
4000 0.000710200
4000 0.000797000
4000 0.001372400
4000 0.001783700
4000 0.000478100
4000 0.000685800
4000 0.000892700
4000 0.001429000
4000 0.000473700
4000 0.000662800
4000 0.000777400
4000 0.001309700
4000 0.000465600
4000 0.000642100
4000 0.000733800
4000 0.001256300
4000 0.000379100
4000 0.000340700
4000 0.000345700
4000 0.000370000
4000 0.000383300
4000 0.000360200
4000 0.000372600
4200 0.000377300
4200 0.000520200
4200 0.001001500
4200 0.000701800
4200 0.000359300
4200 0.000359500
4200 0.000355100
4200 0.000580700
4200 0.000781300
4200 0.000490800
4200 0.000729500
4200 0.000860300
4200 0.001744800
4200 0.002081600
4200 0.000514400
4200 0.000649700
4200 0.000745800
4200 0.001653000
4200 0.000505500
4200 0.000723600
4200 0.000848100
4200 0.001382900
4200 0.000504100
4200 0.000523400
4200 0.000834600
4200 0.001228700
4200 0.000375200
4200 0.000357400
4200 0.000370700
4200 0.000365900
4200 0.000364300
4200 0.000387500
4200 0.000352500
4400 0.000417100
4400 0.000620400
4400 0.000719200
4400 0.000743800
4400 0.000378000
4400 0.000380100
4400 0.000369500
4400 0.000557100
4400 0.000838900
4400 0.000584600
4400 0.000726800
4400 0.000876500
4400 0.002002100
4400 0.002365200
4400 0.000597100
4400 0.000705400
4400 0.000736800
4400 0.001641400
4400 0.000521500
4400 0.000772000
4400 0.000798800
4400 0.001405900
4400 0.000638200
4400 0.000545900
4400 0.000890600
4400 0.001367800
4400 0.000382700
4400 0.000402400
4400 0.000388400
4400 0.000396200
4400 0.000392600
4400 0.000388600
4400 0.000401400
4600 0.000419000
4600 0.000574100
4600 0.000962900
4600 0.000778800
4600 0.000395200
4600 0.000394900
4600 0.000394400
4600 0.000535400
4600 0.000881300
4600 0.000615500
4600 0.000740200
4600 0.000912000
4600 0.001893200
4600 0.002575600
4600 0.000572700
4600 0.000805400
4600 0.000875100
4600 0.001847300
4600 0.000542500
4600 0.000779300
4600 0.000937200
4600 0.001491200
4600 0.000634000
4600 0.000758300
4600 0.000881700
4600 0.001442700
4600 0.000401300
4600 0.000415500
4600 0.000454900
4600 0.000403300
4600 0.000410800
4600 0.000415400
4600 0.000421100
4800 0.000436800
4800 0.000600100
4800 0.000920900
4800 0.000750200
4800 0.000493700
4800 0.000401900
4800 0.000411400
4800 0.000630600
4800 0.000883400
4800 0.000588700
4800 0.000734000
4800 0.000966500
4800 0.002340600
4800 0.003038700
4800 0.000731500
4800 0.000822300
4800 0.000854600
4800 0.002261000
4800 0.000563500
4800 0.001063700
4800 0.000909300
4800 0.001873400
4800 0.000665800
4800 0.001442900
4800 0.000819400
4800 0.001388100
4800 0.000439800
4800 0.000418100
4800 0.000437900
4800 0.000434200
4800 0.000440700
4800 0.000412600
4800 0.000436600
5000 0.000453000
5000 0.000651800
5000 0.001209800
5000 0.000806500
5000 0.000433800
5000 0.000419600
5000 0.000418700
5000 0.000637200
5000 0.000630400
5000 0.000751700
5000 0.000843000
5000 0.000961100
5000 0.002131800
5000 0.002870400
5000 0.000588100
5000 0.000712600
5000 0.000769100
5000 0.002135900
5000 0.000587000
5000 0.000808000
5000 0.000829400
5000 0.001913300
5000 0.000620900
5000 0.000760400
5000 0.000866600
5000 0.001634400
5000 0.000420000
5000 0.000451700
5000 0.000449900
5000 0.000443500
5000 0.000475600
5000 0.000438200
5000 0.000434200
5200 0.000452900
5200 0.000666100
5200 0.000925000
5200 0.000867300
5200 0.000437100
5200 0.000436200
5200 0.000524400
5200 0.000634900
5200 0.000907000
5200 0.000735200
5200 0.000815700
5200 0.000964900
5200 0.002232300
5200 0.003588800
5200 0.000724000
5200 0.000849800
5200 0.001044300
5200 0.003027600
5200 0.000653100
5200 0.000872500
5200 0.001014400
5200 0.001773400
5200 0.000610800
5200 0.000802200
5200 0.000807200
5200 0.001553800
5200 0.000461200
5200 0.000500200
5200 0.000442500
5200 0.000454800
5200 0.000455700
5200 0.000475400
5200 0.000456900
5400 0.000491700
5400 0.000737900
5400 0.001170500
5400 0.000916100
5400 0.000451700
5400 0.000450800
5400 0.000453200
5400 0.000752600
5400 0.000995200
5400 0.000699500
5400 0.000895800
5400 0.000867400
5400 0.003044500
5400 0.003583000
5400 0.000642300
5400 0.000694600
5400 0.000913100
5400 0.002833500
5400 0.000849300
5400 0.000898500
5400 0.000834600
5400 0.001886700
5400 0.000791900
5400 0.000729500
5400 0.000868200
5400 0.001718700
5400 0.000485400
5400 0.000457000
5400 0.000472100
5400 0.000488800
5400 0.000479700
5400 0.000476600
5400 0.000517600
5600 0.000592400
5600 0.000681100
5600 0.000959700
5600 0.000854200
5600 0.000531100
5600 0.000478800
5600 0.000473200
5600 0.000692800
5600 0.000992900
5600 0.000725300
5600 0.000952300
5600 0.000976100
5600 0.002894300
5600 0.003501900
5600 0.000694500
5600 0.000973600
5600 0.000935200
5600 0.002762300
5600 0.000655800
5600 0.000988400
5600 0.000806500
5600 0.002045900
5600 0.000657400
5600 0.000742000
5600 0.001008800
5600 0.001785600
5600 0.000500900
5600 0.000522500
5600 0.000498700
5600 0.000491600
5600 0.000492000
5600 0.000493800
5600 0.000528500
5800 0.000524400
5800 0.000778000
5800 0.001452000
5800 0.000987000
5800 0.000495600
5800 0.000488300
5800 0.000497200
5800 0.000780100
5800 0.000969100
5800 0.000758400
5800 0.000890900
5800 0.001033200
5800 0.003022400
5800 0.003667500
5800 0.000827600
5800 0.000905400
5800 0.001043400
5800 0.003262800
5800 0.000695600
5800 0.000788200
5800 0.001059600
5800 0.002446400
5800 0.000691700
5800 0.000844800
5800 0.001051400
5800 0.001863100
5800 0.000518900
5800 0.000515000
5800 0.000519600
5800 0.000510700
5800 0.000510200
5800 0.000504300
5800 0.000512900
6000 0.000531400
6000 0.000768700
6000 0.001523100
6000 0.000932800
6000 0.000505000
6000 0.000510200
6000 0.000505200
6000 0.000805400
6000 0.000948800
6000 0.000764000
6000 0.000931700
6000 0.000924500
6000 0.002929600
6000 0.003801000
6000 0.000713600
6000 0.000965900
6000 0.000992300
6000 0.003250200
6000 0.000700900
6000 0.000979700
6000 0.000992700
6000 0.002209600
6000 0.000779000
6000 0.000946300
6000 0.000897700
6000 0.001871600
6000 0.000542800
6000 0.000528300
6000 0.000546400
6000 0.000537100
6000 0.000535400
6000 0.000523100
6000 0.000500300
6200 0.000542100
6200 0.000827100
6200 0.001600900
6200 0.000912300
6200 0.000534100
6200 0.000526300
6200 0.000524900
6200 0.000792000
6200 0.001028300
6200 0.000813000
6200 0.000960600
6200 0.000947100
6200 0.003417000
6200 0.004195300
6200 0.000745900
6200 0.000951000
6200 0.000953200
6200 0.003119300
6200 0.000741700
6200 0.001010200
6200 0.000991100
6200 0.002339100
6200 0.000917200
6200 0.000942400
6200 0.001059000
6200 0.002005500
6200 0.000526400
6200 0.000535700
6200 0.000541200
6200 0.000539600
6200 0.000559200
6200 0.000521600
6200 0.000544400
6400 0.000585200
6400 0.000894200
6400 0.001120600
6400 0.001019200
6400 0.000536200
6400 0.000587400
6400 0.000542900
6400 0.000746500
6400 0.001141400
6400 0.000819100
6400 0.000969700
6400 0.001004200
6400 0.003420100
6400 0.004121500
6400 0.000952900
6400 0.001008300
6400 0.001051200
6400 0.003186800
6400 0.000779600
6400 0.000894600
6400 0.000923400
6400 0.002361000
6400 0.000831300
6400 0.001005700
6400 0.000975200
6400 0.002117600
6400 0.000576700
6400 0.000548400
6400 0.000660000
6400 0.000570200
6400 0.000578400
6400 0.000561300
6400 0.000642600
6600 0.000584800
6600 0.000925000
6600 0.001533400
6600 0.000982300
6600 0.000553300
6600 0.000560200
6600 0.000582500
6600 0.000894200
6600 0.001135800
6600 0.000799900
6600 0.000983400
6600 0.001019600
6600 0.003374900
6600 0.004478500
6600 0.000793700
6600 0.001045400
6600 0.001244300
6600 0.003683000
6600 0.000782800
6600 0.000994800
6600 0.001129800
6600 0.002584800
6600 0.000888300
6600 0.001148300
6600 0.001315900
6600 0.002303300
6600 0.000593600
6600 0.000632500
6600 0.000620100
6600 0.000578600
6600 0.000768700
6600 0.000592300
6600 0.000594900
6800 0.000599100
6800 0.000893800
6800 0.001904200
6800 0.001054100
6800 0.000571700
6800 0.000573900
6800 0.000576500
6800 0.000859100
6800 0.001168800
6800 0.000860300
6800 0.001113900
6800 0.001293300
6800 0.003861500
6800 0.004504300
6800 0.000906200
6800 0.001082300
6800 0.001130100
6800 0.003934200
6800 0.000893400
6800 0.001061500
6800 0.000983200
6800 0.002705500
6800 0.000803300
6800 0.001043300
6800 0.001233100
6800 0.002157000
6800 0.000581000
6800 0.000605200
6800 0.000596500
6800 0.000597100
6800 0.000602200
6800 0.000612800
6800 0.000594200
7000 0.000596300
7000 0.000834800
7000 0.001595400
7000 0.001023700
7000 0.000590100
7000 0.000588500
7000 0.000602700
7000 0.000873800
7000 0.001212900
7000 0.000856500
7000 0.001083800
7000 0.001081700
7000 0.004146700
7000 0.004801900
7000 0.000853600
7000 0.001136400
7000 0.001050400
7000 0.003952900
7000 0.000961500
7000 0.000952300
7000 0.001177900
7000 0.003137500
7000 0.000841200
7000 0.001076400
7000 0.001166600
7000 0.002323100
7000 0.000630900
7000 0.000626600
7000 0.000601000
7000 0.000620300
7000 0.000617500
7000 0.000631800
7000 0.000677400
7200 0.000659700
7200 0.000990700
7200 0.001755800
7200 0.001134300
7200 0.000605300
7200 0.000602400
7200 0.000606800
7200 0.000977000
7200 0.000795000
7200 0.000904900
7200 0.001187900
7200 0.001297700
7200 0.004132900
7200 0.004825500
7200 0.000854900
7200 0.001126100
7200 0.001340000
7200 0.004099500
7200 0.001249000
7200 0.001139700
7200 0.001241000
7200 0.003310400
7200 0.000887600
7200 0.001074900
7200 0.001290200
7200 0.002207100
7200 0.000635900
7200 0.000638800
7200 0.000617900
7200 0.000628200
7200 0.000628300
7200 0.000688500
7200 0.000634600
7400 0.000662900
7400 0.000922900
7400 0.001932200
7400 0.001109900
7400 0.000624400
7400 0.000629900
7400 0.000627200
7400 0.000925700
7400 0.001249400
7400 0.001062500
7400 0.001208700
7400 0.001333700
7400 0.004510500
7400 0.004941900
7400 0.001085900
7400 0.001075600
7400 0.001278400
7400 0.004384000
7400 0.001009300
7400 0.001131400
7400 0.001274500
7400 0.003310500
7400 0.000883300
7400 0.001038400
7400 0.001202300
7400 0.002352500
7400 0.000646300
7400 0.000627600
7400 0.000635900
7400 0.000639600
7400 0.000638500
7400 0.000653400
7400 0.000680000
7600 0.000950900
7600 0.000997000
7600 0.001710000
7600 0.001149900
7600 0.000667200
7600 0.000635100
7600 0.000637900
7600 0.001003600
7600 0.001208400
7600 0.000946100
7600 0.001222500
7600 0.001139000
7600 0.004391100
7600 0.005593600
7600 0.000923100
7600 0.001139600
7600 0.001305100
7600 0.004665100
7600 0.000938600
7600 0.001200200
7600 0.001346000
7600 0.003148900
7600 0.000888200
7600 0.001145200
7600 0.001242800
7600 0.002565100
7600 0.000705000
7600 0.000653600
7600 0.000639400
7600 0.000672600
7600 0.000673300
7600 0.000659200
7600 0.000672300
7800 0.000702900
7800 0.000977200
7800 0.001871400
7800 0.001262300
7800 0.000653600
7800 0.000655000
7800 0.000656000
7800 0.001046900
7800 0.001313100
7800 0.000987400
7800 0.001305000
7800 0.001376100
7800 0.004480800
7800 0.005335600
7800 0.000919000
7800 0.001082900
7800 0.001402500
7800 0.004418400
7800 0.000949800
7800 0.001233900
7800 0.001199100
7800 0.003836900
7800 0.000960200
7800 0.001066400
7800 0.001331100
7800 0.002526200
7800 0.000689200
7800 0.000744200
7800 0.000685300
7800 0.000676900
7800 0.000685900
7800 0.000707300
7800 0.000670200
8000 0.000719700
8000 0.000929100
8000 0.001841100
8000 0.001229400
8000 0.000670000
8000 0.000664100
8000 0.000667100
8000 0.001062100
8000 0.001378900
8000 0.000932200
8000 0.001188000
8000 0.001324700
8000 0.004467700
8000 0.005576500
8000 0.000946500
8000 0.001229700
8000 0.001236300
8000 0.004541300
8000 0.000947100
8000 0.001199500
8000 0.001479000
8000 0.003805800
8000 0.000996600
8000 0.001307800
8000 0.001264300
8000 0.002686800
8000 0.000746900
8000 0.000717700
8000 0.000714900
8000 0.000724700
8000 0.000727400
8000 0.000711700
8000 0.000718600
8200 0.000743200
8200 0.001027200
8200 0.002178600
8200 0.001266300
8200 0.000697400
8200 0.000740400
8200 0.000690100
8200 0.001005900
8200 0.001387200
8200 0.001010300
8200 0.001171000
8200 0.001503000
8200 0.004735100
8200 0.005987800
8200 0.000969700
8200 0.001281900
8200 0.001252900
8200 0.004945400
8200 0.000982200
8200 0.001266000
8200 0.001217900
8200 0.003686200
8200 0.001050300
8200 0.001170000
8200 0.001243600
8200 0.002778500
8200 0.000722700
8200 0.000744500
8200 0.000743700
8200 0.000732800
8200 0.000744500
8200 0.000724900
8200 0.000776200
8400 0.000744400
8400 0.001064000
8400 0.001754000
8400 0.001458100
8400 0.000714200
8400 0.000922600
8400 0.000709700
8400 0.001022100
8400 0.001347200
8400 0.001086100
8400 0.001225700
8400 0.001288900
8400 0.004753000
8400 0.006060000
8400 0.001066000
8400 0.001331300
8400 0.001404300
8400 0.005039900
8400 0.001004600
8400 0.001218100
8400 0.001362500
8400 0.003575500
8400 0.001075200
8400 0.001272300
8400 0.001062100
8400 0.002668900
8400 0.000739200
8400 0.000746600
8400 0.000731100
8400 0.000727500
8400 0.000764200
8400 0.000726000
8400 0.000767100
8600 0.000750400
8600 0.001173200
8600 0.002132000
8600 0.001327600
8600 0.000722200
8600 0.000742500
8600 0.000738000
8600 0.001041200
8600 0.001559300
8600 0.001092600
8600 0.001362000
8600 0.001422600
8600 0.005002100
8600 0.006208800
8600 0.001068400
8600 0.001316000
8600 0.001555400
8600 0.005135800
8600 0.001230300
8600 0.001236200
8600 0.001262100
8600 0.004397800
8600 0.001069600
8600 0.001290700
8600 0.001396400
8600 0.002788600
8600 0.000772800
8600 0.000765900
8600 0.000758200
8600 0.000769900
8600 0.000767000
8600 0.000756700
8600 0.000797200
8800 0.000797000
8800 0.001027600
8800 0.002072300
8800 0.001335900
8800 0.000753600
8800 0.000742800
8800 0.000757200
8800 0.001097900
8800 0.001535800
8800 0.001124700
8800 0.001359400
8800 0.001599600
8800 0.005533500
8800 0.006716600
8800 0.001065800
8800 0.001276300
8800 0.001357500
8800 0.005599700
8800 0.001380600
8800 0.001267200
8800 0.001404900
8800 0.004191300
8800 0.001063700
8800 0.001194600
8800 0.001344200
8800 0.003366200
8800 0.000820400
8800 0.000801400
8800 0.000804200
8800 0.000883000
8800 0.000802700
8800 0.000767000
8800 0.000845300
9000 0.000843700
9000 0.001057600
9000 0.002066200
9000 0.001149900
9000 0.000793300
9000 0.000756100
9000 0.000756100
9000 0.001201900
9000 0.001508100
9000 0.001101700
9000 0.001359100
9000 0.001425400
9000 0.005522800
9000 0.006839300
9000 0.001513400
9000 0.001318300
9000 0.001382000
9000 0.005390400
9000 0.001158200
9000 0.001332500
9000 0.001292600
9000 0.004278400
9000 0.001154300
9000 0.001246600
9000 0.001414100
9000 0.002997800
9000 0.000875700
9000 0.000804200
9000 0.000839400
9000 0.000867700
9000 0.000808600
9000 0.000811800
9000 0.000873000
9200 0.000803500
9200 0.001100600
9200 0.002360900
9200 0.001387100
9200 0.000781800
9200 0.000844400
9200 0.001060400
9200 0.001173400
9200 0.001492700
9200 0.001117800
9200 0.001686000
9200 0.001419400
9200 0.005974000
9200 0.007013300
9200 0.001158000
9200 0.001571300
9200 0.001545600
9200 0.005522600
9200 0.001076600
9200 0.001388700
9200 0.001309100
9200 0.004780100
9200 0.001114600
9200 0.001326000
9200 0.001249700
9200 0.003067400
9200 0.000804000
9200 0.000823400
9200 0.000832700
9200 0.000811600
9200 0.000802200
9200 0.000808600
9200 0.000819900
9400 0.000840900
9400 0.001173800
9400 0.002279900
9400 0.001381100
9400 0.000801400
9400 0.000794500
9400 0.000804800
9400 0.001198100
9400 0.001554000
9400 0.001152400
9400 0.001414900
9400 0.001622000
9400 0.005734200
9400 0.006919100
9400 0.001218300
9400 0.001413600
9400 0.001553300
9400 0.005900700
9400 0.001204800
9400 0.001454900
9400 0.001574800
9400 0.004411200
9400 0.001100600
9400 0.001296500
9400 0.001379400
9400 0.003090400
9400 0.000852200
9400 0.000835200
9400 0.000865000
9400 0.000840100
9400 0.000833700
9400 0.000831500
9400 0.000830200
9600 0.001130200
9600 0.001164600
9600 0.002446400
9600 0.001809900
9600 0.000851300
9600 0.000823300
9600 0.000884300
9600 0.001142400
9600 0.001662500
9600 0.001169800
9600 0.001460900
9600 0.001535200
9600 0.006300400
9600 0.007160600
9600 0.001204700
9600 0.001450700
9600 0.001691800
9600 0.006015900
9600 0.001225400
9600 0.001470500
9600 0.001448200
9600 0.004456100
9600 0.001169300
9600 0.001273500
9600 0.001406400
9600 0.003303000
9600 0.000884900
9600 0.000862900
9600 0.000849100
9600 0.000861100
9600 0.000945700
9600 0.000866300
9600 0.000866900
9800 0.000884400
9800 0.001193600
9800 0.002442200
9800 0.001482100
9800 0.000826400
9800 0.000821700
9800 0.000841200
9800 0.001405000
9800 0.001163600
9800 0.001151300
9800 0.001916600
9800 0.001659300
9800 0.006219800
9800 0.007199800
9800 0.001170100
9800 0.001527500
9800 0.001576600
9800 0.005934200
9800 0.001306100
9800 0.001405000
9800 0.001645800
9800 0.004729900
9800 0.001183100
9800 0.001472900
9800 0.001415600
9800 0.003197600
9800 0.000891500
9800 0.000921000
9800 0.000885000
9800 0.000896800
9800 0.000940000
9800 0.000891300
9800 0.000901700
10000 0.000948500
10000 0.001327000
10000 0.002229600
10000 0.001476700
10000 0.000844800
10000 0.000859900
10000 0.000855000
10000 0.001392500
10000 0.001589100
10000 0.001213600
10000 0.001643500
10000 0.001611300
10000 0.006512200
10000 0.007546700
10000 0.001381200
10000 0.001512200
10000 0.001774100
10000 0.006519500
10000 0.001422600
10000 0.001503600
10000 0.001560500
10000 0.004905000
10000 0.001260500
10000 0.001464300
10000 0.001518400
10000 0.003323900
10000 0.000912200
10000 0.000886400
10000 0.000893200
10000 0.000888000
10000 0.000904900
10000 0.000889000
10000 0.000954800
