200 0.003356700
200 0.000031000
200 0.005531500
200 0.000107500
200 0.003531700
200 0.003313600
200 0.003212700
200 0.000029500
200 0.000017400
200 0.005820800
200 0.000019100
200 0.000193200
200 0.001919400
200 0.000096400
200 0.000031100
200 0.000031000
200 0.000121900
200 0.002273400
200 0.000030700
200 0.000017700
200 0.000031300
200 0.000904800
200 0.000030300
200 0.000025000
200 0.000038600
200 0.000316600
200 0.000030200
200 0.003376700
200 0.003412900
200 0.003381900
200 0.003594800
200 0.003410200
200 0.003401000
200 0.003312300
400 0.012987100
400 0.000035700
400 0.012196700
400 0.000700900
400 0.012475400
400 0.012761000
400 0.012370600
400 0.000039900
400 0.000031200
400 0.013331000
400 0.000031200
400 0.000472700
400 0.003810500
400 0.000102500
400 0.018285500
400 0.000045600
400 0.000688600
400 0.004136600
400 0.000061200
400 0.000033100
400 0.000281700
400 0.002822800
400 0.000073800
400 0.000036100
400 0.000147400
400 0.001102400
400 0.000101400
400 0.013098600
400 0.013147500
400 0.012772700
400 0.013959300
400 0.013790500
400 0.012914500
400 0.012705900
600 0.027791800
600 0.000048100
600 0.027059100
600 0.000774100
600 0.027132400
600 0.026975600
600 0.028115600
600 0.000045200
600 0.000067500
600 0.029948200
600 0.000093600
600 0.000883600
600 0.009904000
600 0.000097500
600 0.000246100
600 0.000047300
600 0.000889400
600 0.008544700
600 0.000170600
600 0.000052900
600 0.000386300
600 0.006585100
600 0.000139400
600 0.000047500
600 0.000217400
600 0.002486800
600 0.000137300
600 0.028168700
600 0.028146200
600 0.028674700
600 0.028179300
600 0.027916800
600 0.027612700
600 0.027925200
800 0.049990500
800 0.000061700
800 0.054905900
800 0.001442800
800 0.047364900
800 0.046616900
800 0.047719300
800 0.000115400
800 0.000118700
800 0.059462900
800 0.000062800
800 0.000836500
800 0.015927300
800 0.000127100
800 0.000106700
800 0.000076200
800 0.001412700
800 0.015405000
800 0.000123800
800 0.000063500
800 0.000964400
800 0.011197700
800 0.000121000
800 0.000066100
800 0.000509100
800 0.004269900
800 0.000171800
800 0.051974800
800 0.052243700
800 0.052435300
800 0.051230300
800 0.051763300
800 0.055037700
800 0.051264300
1000 0.092581400
1000 0.000074400
1000 0.074019600
1000 0.002264200
1000 0.074222500
1000 0.073455700
1000 0.073431300
1000 0.000130600
1000 0.000092800
1000 0.075836600
1000 0.000087900
1000 0.002610800
1000 0.025821900
1000 0.000124800
1000 0.000406200
1000 0.000074600
1000 0.001583800
1000 0.033267900
1000 0.000209700
1000 0.000079400
1000 0.002901000
1000 0.016934600
1000 0.000158800
1000 0.000078700
1000 0.000494600
1000 0.006916700
1000 0.000124900
1000 0.075943700
1000 0.076331400
1000 0.076321200
1000 0.076881000
1000 0.075476800
1000 0.076631900
1000 0.075567300
1200 0.108877200
1200 0.000090900
1200 0.105937400
1200 0.004186700
1200 0.105826900
1200 0.104866900
1200 0.111974000
1200 0.000110200
1200 0.000106000
1200 0.107023000
1200 0.000091300
1200 0.002895100
1200 0.034957900
1200 0.000147600
1200 0.000131800
1200 0.000091700
1200 0.002508700
1200 0.034170300
1200 0.000157300
1200 0.000089900
1200 0.001424600
1200 0.024833000
1200 0.000182600
1200 0.000091600
1200 0.000849200
1200 0.009684600
1200 0.000142500
1200 0.109995700
1200 0.110100400
1200 0.111152600
1200 0.109738300
1200 0.109427400
1200 0.112197400
1200 0.113488100
1400 0.149350800
1400 0.000113200
1400 0.143174000
1400 0.005445800
1400 0.140845000
1400 0.141461600
1400 0.140955200
1400 0.000132000
1400 0.000145700
1400 0.143227500
1400 0.000104400
1400 0.003042900
1400 0.046598600
1400 0.000146900
1400 0.201488100
1400 0.000107000
1400 0.004515900
1400 0.045353400
1400 0.000182600
1400 0.000116300
1400 0.002381400
1400 0.033234100
1400 0.000149600
1400 0.000106700
1400 0.000953600
1400 0.013222600
1400 0.000163600
1400 0.149943200
1400 0.152099500
1400 0.157364600
1400 0.153486000
1400 0.150157100
1400 0.151367900
1400 0.148898000
1600 0.196604600
1600 0.000116100
1600 0.186422000
1600 0.006984200
1600 0.186876600
1600 0.189533900
1600 0.184089100
1600 0.000129400
1600 0.000143800
1600 0.189163000
1600 0.000118500
1600 0.003906400
1600 0.061293500
1600 0.000189500
1600 0.000178400
1600 0.000117600
1600 0.003823100
1600 0.060834500
1600 0.000268100
1600 0.000243600
1600 0.002600900
1600 0.043820600
1600 0.000207100
1600 0.000115600
1600 0.001913400
1600 0.016946800
1600 0.000190600
1600 0.195960900
1600 0.193268300
1600 0.193802800
1600 0.196028000
1600 0.193482300
1600 0.194065600
1600 0.195229300
1800 0.254934400
1800 0.000134200
1800 0.232112700
1800 0.006984300
1800 0.233482800
1800 0.231023500
1800 0.241654000
1800 0.000198300
1800 0.000136000
1800 0.253238600
1800 0.000278900
1800 0.006143400
1800 0.079042300
1800 0.000238600
1800 0.000291600
1800 0.000275800
1800 0.006109300
1800 0.078696800
1800 0.000168000
1800 0.000143800
1800 0.004664900
1800 0.055009100
1800 0.000225800
1800 0.000173300
1800 0.001658600
1800 0.022666900
1800 0.000170300
1800 0.248929800
1800 0.244145800
1800 0.245114700
1800 0.245612000
1800 0.243445900
1800 0.247261500
1800 0.244335400
2000 0.309560200
2000 0.000144400
2000 0.292230800
2000 0.010901000
2000 0.318086300
2000 0.289503200
2000 0.287845700
2000 0.000184900
2000 0.000143700
2000 0.290593700
2000 0.000147900
2000 0.007276200
2000 0.094043800
2000 0.000495200
2000 0.412930500
2000 0.000149200
2000 0.007449900
2000 0.095249800
2000 0.000676100
2000 0.000145800
2000 0.005269900
2000 0.066396000
2000 0.000228900
2000 0.000148800
2000 0.001668100
2000 0.027613300
2000 0.000224800
2000 0.300755500
2000 0.302135300
2000 0.303130700
2000 0.307417000
2000 0.307936900
2000 0.307774700
2000 0.318360500
2200 0.370233300
2200 0.000205500
2200 0.346929400
2200 0.011690800
2200 0.361671000
2200 0.352792300
2200 0.347848400
2200 0.000220900
2200 0.000189300
2200 0.361860700
2200 0.000239800
2200 0.008619300
2200 0.112333800
2200 0.000266900
2200 0.000344600
2200 0.000163000
2200 0.007255600
2200 0.115594200
2200 0.000362500
2200 0.000163400
2200 0.006466400
2200 0.080872700
2200 0.000238600
2200 0.000163300
2200 0.003863000
2200 0.031086200
2200 0.000368100
2200 0.367205400
2200 0.362588900
2200 0.368497700
2200 0.363669100
2200 0.362828500
2200 0.363408500
2200 0.363392800
2400 0.449904500
2400 0.000234200
2400 0.414088500
2400 0.011873800
2400 0.411104200
2400 0.407114900
2400 0.408689400
2400 0.000191100
2400 0.000198200
2400 0.413139000
2400 0.000228800
2400 0.010821900
2400 0.134447400
2400 0.000261300
2400 0.000234700
2400 0.000194900
2400 0.012641900
2400 0.133424800
2400 0.000434000
2400 0.000212800
2400 0.006335000
2400 0.097251100
2400 0.000234400
2400 0.000175100
2400 0.002471500
2400 0.038757300
2400 0.000242100
2400 0.436684200
2400 0.430214400
2400 0.432538200
2400 0.434114600
2400 0.432431400
2400 0.434275000
2400 0.432168600
2600 0.505676100
2600 0.000207600
2600 0.480953800
2600 0.020105600
2600 0.476711100
2600 0.479613800
2600 0.481426300
2600 0.000262200
2600 0.000233400
2600 0.485381100
2600 0.000199900
2600 0.012465200
2600 0.156019600
2600 0.000274600
2600 0.000817500
2600 0.000221200
2600 0.014552000
2600 0.154021300
2600 0.000256600
2600 0.000187700
2600 0.009812500
2600 0.110595600
2600 0.000304300
2600 0.000213100
2600 0.004162000
2600 0.044324300
2600 0.000248000
2600 0.512391300
2600 0.508168400
2600 0.508736400
2600 0.516186700
2600 0.513731700
2600 0.504478100
2600 0.527699100
2800 0.588098200
2800 0.000211700
2800 0.555708400
2800 0.016903000
2800 0.557843600
2800 0.556446600
2800 0.552457000
2800 0.000264500
2800 0.000206500
2800 0.559778300
2800 0.000254300
2800 0.013971800
2800 0.182779500
2800 0.000283400
2800 0.000674200
2800 0.000240800
2800 0.014554500
2800 0.181960100
2800 0.000504800
2800 0.000208700
2800 0.010687000
2800 0.133803600
2800 0.000265700
2800 0.000208700
2800 0.005199300
2800 0.051724800
2800 0.000254200
2800 0.592433100
2800 0.606569700
2800 0.582963600
2800 0.593072500
2800 0.589573200
2800 0.589176600
2800 0.596822600
3000 0.676401600
3000 0.000265000
3000 0.641746000
3000 0.022055800
3000 0.636433600
3000 0.647283300
3000 0.643184700
3000 0.000279700
3000 0.000219000
3000 0.650959600
3000 0.000221800
3000 0.016499100
3000 0.207685500
3000 0.000332400
3000 0.000278900
3000 0.000232800
3000 0.014507500
3000 0.209691300
3000 0.000286300
3000 0.000231100
3000 0.009289100
3000 0.153191600
3000 0.000258700
3000 0.000255600
3000 0.005837300
3000 0.059185500
3000 0.000300000
3000 0.683892400
3000 0.675692900
3000 0.672964400
3000 0.676456600
3000 0.674107400
3000 0.672682300
3000 0.676680500
3200 0.766448400
3200 0.000292100
3200 0.723144000
3200 0.023525100
3200 0.721024300
3200 0.724426800
3200 0.723960400
3200 0.000276500
3200 0.000320000
3200 0.732871200
3200 0.000268000
3200 0.020691500
3200 0.234516500
3200 0.000558100
3200 0.000746100
3200 0.000252200
3200 0.018615600
3200 0.238334600
3200 0.000532900
3200 0.000231600
3200 0.013584500
3200 0.170154800
3200 0.000529100
3200 0.000234400
3200 0.005163200
3200 0.068855300
3200 0.000336900
3200 0.768539600
3200 0.766770000
3200 0.775319500
3200 0.769718500
3200 0.776728200
3200 0.764567500
3200 0.778683600
3400 0.880014100
3400 0.000260100
3400 0.834611500
3400 0.028349100
3400 0.856085400
3400 0.835892400
3400 0.818057500
3400 0.000296500
3400 0.000246800
3400 0.818082600
3400 0.000267400
3400 0.023393700
3400 0.264234900
3400 0.000321400
3400 1.058337200
3400 0.000283200
3400 0.019350800
3400 0.267877500
3400 0.000809600
3400 0.000245900
3400 0.016173500
3400 0.190082200
3400 0.000550800
3400 0.000261200
3400 0.005133900
3400 0.079089500
3400 0.000328500
3400 0.882870600
3400 0.866045300
3400 0.863771900
3400 0.868304400
3400 0.861609600
3400 0.866539900
3400 0.867786700
3600 0.973935400
3600 0.000289100
3600 0.922431500
3600 0.033599700
3600 0.933650100
3600 0.937573500
3600 0.910093500
3600 0.000279800
3600 0.000298900
3600 0.930566700
3600 0.000275700
3600 0.023133600
3600 0.299622200
3600 0.000336300
3600 0.000332800
3600 0.000280600
3600 0.023282500
3600 0.300072000
3600 0.000350100
3600 0.000262800
3600 0.017885800
3600 0.213922600
3600 0.000576700
3600 0.000266600
3600 0.007958700
3600 0.084564300
3600 0.000332100
3600 0.973580500
3600 0.975426400
3600 0.968480700
3600 0.969268600
3600 0.978507800
3600 0.993052400
3600 0.972093400
3800 1.082844000
3800 0.000293400
3800 1.015869700
3800 0.035410100
3800 1.016530200
3800 1.023547600
3800 1.027406500
3800 0.000353400
3800 0.000373600
3800 1.039129400
3800 0.000325700
3800 0.027543500
3800 0.332507600
3800 0.000597800
3800 0.001576600
3800 0.000308000
3800 0.022357800
3800 0.338555500
3800 0.000301700
3800 0.000305100
3800 0.021406800
3800 0.244521400
3800 0.000766800
3800 0.000282400
3800 0.005873900
3800 0.098776000
3800 0.000350300
3800 1.093488000
3800 1.093526600
3800 1.100925400
3800 1.102470600
3800 1.110563600
3800 1.098455200
3800 1.087935500
4000 1.213813100
4000 0.000368500
4000 1.148489600
4000 0.040030200
4000 1.159962000
4000 1.138076600
4000 1.143277800
4000 0.000320600
4000 0.000306300
4000 1.144740000
4000 0.000296000
4000 0.024177000
4000 0.377739600
4000 0.001005600
4000 0.000726900
4000 0.000314900
4000 0.027110500
4000 0.373733600
4000 0.000648100
4000 0.000304200
4000 0.024614700
4000 0.260776500
4000 0.000349200
4000 0.000310900
4000 0.008511700
4000 0.105789100
4000 0.000376200
4000 1.209304300
4000 1.205238400
4000 1.207357800
4000 1.206518400
4000 1.208709300
4000 1.203694900
4000 1.213124400
4200 1.353595400
4200 0.000314100
4200 1.291462500
4200 0.047846500
4200 1.274548300
4200 1.349500800
4200 1.266852800
4200 0.000357900
4200 0.000326700
4200 1.263801300
4200 0.000316000
4200 0.031532800
4200 0.413712500
4200 0.000392100
4200 0.001324400
4200 0.000308700
4200 0.035154100
4200 0.407684900
4200 0.000693500
4200 0.000306500
4200 0.019155700
4200 0.300963100
4200 0.000363600
4200 0.000305700
4200 0.007962300
4200 0.124323800
4200 0.000401500
4200 1.344108600
4200 1.333985500
4200 1.329216200
4200 1.336523700
4200 1.354713600
4200 1.353118500
4200 1.328405400
4400 1.448222000
4400 0.000353400
4400 1.364121800
4400 0.051803400
4400 1.359658500
4400 1.366041300
4400 1.356615700
4400 0.000374600
4400 0.000358500
4400 1.373188100
4400 0.000357700
4400 0.031432100
4400 0.451131200
4400 0.001355200
4400 0.004321100
4400 0.000366900
4400 0.028531200
4400 0.454541800
4400 0.000409600
4400 0.000339900
4400 0.031900900
4400 0.314808900
4400 0.000552200
4400 0.000327200
4400 0.009152800
4400 0.128250000
4400 0.000460000
4400 1.449059300
4400 1.448319400
4400 1.448976500
4400 1.455254700
4400 1.446156500
4400 1.444160300
4400 1.447282600
4600 1.588668500
4600 0.000328700
4600 1.491228200
4600 0.047845600
4600 1.487849900
4600 1.489522900
4600 1.502123900
4600 0.000343900
4600 0.000339500
4600 1.517425400
4600 0.000359500
4600 0.039846100
4600 0.484880500
4600 0.000419300
4600 0.000590400
4600 0.000420900
4600 0.038406100
4600 0.488248100
4600 0.002502200
4600 0.000358000
4600 0.022052000
4600 0.353961100
4600 0.000445600
4600 0.000370600
4600 0.010983100
4600 0.140059200
4600 0.000765200
4600 1.579362300
4600 1.585863400
4600 1.587927300
4600 1.583379200
4600 1.575365000
4600 1.583651000
4600 1.575623200
4800 1.735758600
4800 0.000384600
4800 1.648704800
4800 0.061512100
4800 1.633031000
4800 1.619581600
4800 1.615220400
4800 0.000424500
4800 0.000351100
4800 1.639931300
4800 0.000367100
4800 0.043902300
4800 0.526525000
4800 0.000463200
4800 0.000444500
4800 0.000382600
4800 0.040882700
4800 0.531838100
4800 0.000492500
4800 0.000349100
4800 0.026709600
4800 0.383743300
4800 0.000624400
4800 0.000356300
4800 0.008847600
4800 0.154885100
4800 0.000430900
4800 1.722803300
4800 1.714235300
4800 1.739416800
4800 1.730051800
4800 1.722772800
4800 1.719086500
4800 1.722171300
5000 1.867694500
5000 0.000386600
5000 1.762787400
5000 0.058100200
5000 1.758164900
5000 1.764063100
5000 1.768085300
5000 0.000405200
5000 0.000430800
5000 1.766179400
5000 0.000373400
5000 0.042151700
5000 0.576876000
5000 0.000522800
5000 0.000945900
5000 0.000395800
5000 0.049823500
5000 0.570961800
5000 0.000540000
5000 0.000384100
5000 0.030287800
5000 0.414676800
5000 0.000778700
5000 0.000364000
5000 0.010771900
5000 0.166302800
5000 0.000459500
5000 1.901617300
5000 1.881116100
5000 1.895668600
5000 1.854696900
5000 1.867690200
5000 1.867845800
5000 1.872604900
5200 2.011160100
5200 0.000412700
5200 1.896720100
5200 0.064372700
5200 1.900612800
5200 1.904997100
5200 1.904626900
5200 0.000424900
5200 0.000398100
5200 1.918651500
5200 0.000390300
5200 0.042917100
5200 0.627480600
5200 0.000573000
5200 0.002509300
5200 0.000375300
5200 0.054016800
5200 0.636393400
5200 0.000570600
5200 0.000379900
5200 0.035231700
5200 0.449859800
5200 0.000449000
5200 0.000411300
5200 0.012978900
5200 0.185588800
5200 0.000507200
5200 2.028744800
5200 2.021973100
5200 2.020278800
5200 2.023721400
5200 2.020554700
5200 2.024202500
5200 2.026989900
5400 2.220183800
5400 0.000425100
5400 2.159918700
5400 0.071926700
5400 2.080897600
5400 2.241331500
5400 2.273774600
5400 0.000558200
5400 0.000425100
5400 2.494416900
5400 0.000455300
5400 0.076917100
5400 0.916385700
5400 0.000532700
5400 0.004513500
5400 0.000795000
5400 0.068581600
5400 0.882363000
5400 0.000867500
5400 0.000444300
5400 0.051589800
5400 0.632822500
5400 0.000592200
5400 0.000392300
5400 0.022606400
5400 0.253151700
5400 0.000693300
5400 2.553184900
5400 2.386431900
5400 2.583541800
5400 2.239902200
5400 2.604387400
5400 2.378706200
5400 2.413238200
5600 2.479526800
5600 0.000450300
5600 2.253566900
5600 0.079349000
5600 2.266727200
5600 2.305644200
5600 2.457402200
5600 0.000862000
5600 0.000495200
5600 2.474575000
5600 0.000454100
5600 0.053558400
5600 0.772579200
5600 0.000678500
5600 0.002002500
5600 0.000447200
5600 0.057036600
5600 0.766919600
5600 0.001820100
5600 0.000435100
5600 0.036728400
5600 0.564032100
5600 0.000478000
5600 0.000447500
5600 0.015666300
5600 0.221503200
5600 0.000493600
5600 2.407207400
5600 2.427038500
5600 2.502383500
5600 2.537098000
5600 2.480607700
5600 2.472966700
5600 2.414830000
5800 2.617579200
5800 0.000886000
5800 2.479575800
5800 0.089163100
5800 2.437063300
5800 2.453757300
5800 2.452324800
5800 0.000534600
5800 0.000446600
5800 2.565246300
5800 0.000435400
5800 0.061723800
5800 0.953380700
5800 0.001963000
5800 3.402654000
5800 0.000442000
5800 0.074687200
5800 0.924497800
5800 0.000938600
5800 0.000436600
5800 0.041478900
5800 0.596415600
5800 0.000928200
5800 0.000423900
5800 0.016818100
5800 0.231759900
5800 0.000704800
5800 2.595514200
5800 2.551888100
5800 2.560830000
5800 2.598581300
5800 2.614360700
5800 2.701524700
5800 2.747519700
6000 2.735447100
6000 0.000444100
6000 2.621100700
6000 0.084630700
6000 2.568059000
6000 2.632289800
6000 2.594561500
6000 0.000487600
6000 0.000474500
6000 2.664683400
6000 0.000473900
6000 0.079383300
6000 0.854114900
6000 0.000680600
6000 0.003045700
6000 0.000863400
6000 0.075284700
6000 0.870868000
6000 0.000832300
6000 0.000438000
6000 0.047724500
6000 0.599743700
6000 0.000562200
6000 0.000436600
6000 0.015679600
6000 0.248985700
6000 0.000646300
6000 2.719673000
6000 2.765832500
6000 3.414471400
6000 3.214151800
6000 3.136406700
6000 2.931332800
6000 2.760347000
6200 3.000274000
6200 0.000479500
6200 2.842881000
6200 0.126284100
6200 2.944057500
6200 2.887686100
6200 2.943388700
6200 0.000535600
6200 0.000528000
6200 2.947250700
6200 0.000447800
6200 0.075045000
6200 0.927956800
6200 0.000738600
6200 0.001408100
6200 0.000444100
6200 0.062656200
6200 0.978403000
6200 0.001095100
6200 0.000966900
6200 0.057620200
6200 0.694504500
6200 0.000635700
6200 0.000580900
6200 0.019901700
6200 0.264397800
6200 0.000562000
6200 3.043034200
6200 2.971091800
6200 2.997371000
6200 3.078042500
6200 3.411261700
6200 3.584145000
6200 3.471277000
6400 3.795359500
6400 0.000477900
6400 3.503551200
6400 0.136556600
6400 3.532429100
6400 3.679243900
6400 3.254510100
6400 0.000753800
6400 0.000935100
6400 3.055489600
6400 0.000495500
6400 0.097562500
6400 1.035317500
6400 0.001549800
6400 0.000991600
6400 0.000468700
6400 0.074081200
6400 1.035002400
6400 0.001980700
6400 0.000512500
6400 0.062460300
6400 0.800430800
6400 0.000938500
6400 0.000928300
6400 0.022434200
6400 0.310462000
6400 0.001612400
6400 3.301769500
6400 3.262773500
6400 3.408044500
6400 3.373433100
6400 3.407620700
6400 3.299711800
6400 3.324297900
6600 3.372256200
6600 0.000539200
6600 3.151140400
6600 0.114754700
6600 3.157795600
6600 3.119454600
6600 3.422419400
6600 0.000541700
6600 0.000975600
6600 3.329304900
6600 0.000511600
6600 0.086526100
6600 1.060968900
6600 0.001317600
6600 0.003230700
6600 0.000509600
6600 0.087937000
6600 1.005668300
6600 0.000876500
6600 0.000481400
6600 0.052846000
6600 0.747456200
6600 0.000622300
6600 0.000533200
6600 0.020576400
6600 0.301972100
6600 0.000605600
6600 3.330334000
6600 3.342268800
6600 3.260295400
6600 3.243640500
6600 3.252727100
6600 3.256873400
6600 3.289490900
6800 3.539838700
6800 0.000494900
6800 3.254054500
6800 0.114127500
6800 3.257955200
6800 3.320418600
6800 3.346949600
6800 0.000527000
6800 0.000519900
6800 3.582920500
6800 0.000499300
6800 0.089657300
6800 1.138592800
6800 0.001525200
6800 0.001396800
6800 0.000509600
6800 0.094304100
6800 1.121886300
6800 0.003056200
6800 0.000976000
6800 0.062019200
6800 0.828010800
6800 0.001051700
6800 0.000505400
6800 0.027277600
6800 0.381426000
6800 0.000567700
6800 3.721449600
6800 3.656096100
6800 3.688960100
6800 3.770989600
6800 3.887670500
6800 3.807634700
6800 3.669900400
7000 3.961457100
7000 0.000514800
7000 4.119845800
7000 0.135747800
7000 3.794401000
7000 3.563814200
7000 3.606592700
7000 0.000546900
7000 0.000546300
7000 3.742120100
7000 0.000550600
7000 0.095590400
7000 1.201289300
7000 0.001165100
7000 0.000857300
7000 0.000550300
7000 0.077851500
7000 1.284914200
7000 0.001586800
7000 0.000615100
7000 0.061067700
7000 0.851107100
7000 0.000902700
7000 0.000518600
7000 0.021817100
7000 0.355078400
7000 0.001779800
7000 3.875633900
7000 4.464129100
7000 4.296764500
7000 4.201238000
7000 4.151370600
7000 4.074701900
7000 3.983425800
7200 4.070853400
7200 0.000691700
7200 3.990125500
7200 0.125678400
7200 4.031576300
7200 4.192011100
7200 4.053803700
7200 0.000555000
7200 0.000594700
7200 4.106689800
7200 0.000558900
7200 0.103026300
7200 1.332323500
7200 0.001969500
7200 0.002496700
7200 0.001167100
7200 0.122922400
7200 1.323720200
7200 0.001131900
7200 0.000549100
7200 0.059752600
7200 0.941900100
7200 0.000777000
7200 0.000545200
7200 0.030991500
7200 0.353550300
7200 0.000653900
7200 4.144085700
7200 4.231264900
7200 4.368287900
7200 4.690581000
7200 4.461835200
7200 4.514959000
7200 4.538004200
7400 4.508262500
7400 0.000654900
7400 4.218102000
7400 0.168577900
7400 4.327980900
7400 4.205012100
7400 4.171421000
7400 0.000618900
7400 0.000573600
7400 4.206065000
7400 0.000787700
7400 0.133343600
7400 1.574425800
7400 0.001398500
7400 0.000954300
7400 0.000575200
7400 0.104305800
7400 1.418549200
7400 0.001500300
7400 0.001136900
7400 0.069616900
7400 1.007993600
7400 0.002533300
7400 0.000573900
7400 0.031646800
7400 0.384909800
7400 0.001941100
7400 4.416800200
7400 4.534607000
7400 4.523074000
7400 4.470540400
7400 4.563996400
7400 4.808496400
7400 4.454803100
7600 4.307891300
7600 0.000557000
7600 4.069082800
7600 0.151810500
7600 4.131615900
7600 4.029631600
7600 4.038332500
7600 0.000593600
7600 0.000621500
7600 4.073921500
7600 0.000604900
7600 0.103409700
7600 1.334111500
7600 0.001631700
7600 5.891967200
7600 0.000573200
7600 0.092130100
7600 1.335927600
7600 0.001108800
7600 0.000579300
7600 0.073387200
7600 0.950049500
7600 0.000681600
7600 0.000568200
7600 0.026539500
7600 0.383525600
7600 0.000927000
7600 4.331107300
7600 4.311880300
7600 4.324247700
7600 4.320634700
7600 4.326743100
7600 4.305967700
7600 4.306087000
7800 4.560750700
7800 0.000636500
7800 4.291631500
7800 0.148384700
7800 4.253459300
7800 4.258390500
7800 4.273918100
7800 0.000606600
7800 0.000595100
7800 4.286356600
7800 0.000591900
7800 0.108333900
7800 1.402292900
7800 0.001042000
7800 0.002522300
7800 0.000614900
7800 0.116746900
7800 1.390703100
7800 0.002348400
7800 0.000604300
7800 0.081042700
7800 0.991841900
7800 0.000731600
7800 0.000602100
7800 0.034538500
7800 0.397747200
7800 0.000716100
7800 4.584340500
7800 4.544541200
7800 4.551775200
7800 4.562674400
7800 4.552033500
7800 4.542554700
7800 4.527176600
8000 4.864712200
8000 0.000592700
8000 4.472703500
8000 0.165815900
8000 4.468845300
8000 4.488867500
8000 4.470692200
8000 0.000640000
8000 0.000685300
8000 4.485822000
8000 0.000604400
8000 0.114063100
8000 1.468935000
8000 0.001182700
8000 0.002456800
8000 0.000571500
8000 0.101317900
8000 1.488171100
8000 0.001682500
8000 0.000618600
8000 0.073476800
8000 1.084769700
8000 0.000887800
8000 0.000603500
8000 0.034198800
8000 0.420776400
8000 0.001855000
8000 4.771844200
8000 4.803600100
8000 4.795601100
8000 4.794128300
8000 4.778454900
8000 4.767954800
8000 4.841911100
8200 5.034627900
8200 0.000645800
8200 4.720097400
8200 0.183804100
8200 4.713894700
8200 4.704811100
8200 4.697122300
8200 0.000645300
8200 0.000693400
8200 4.765048900
8200 0.000626400
8200 0.129485000
8200 1.542361500
8200 0.001396500
8200 0.002111500
8200 0.000596000
8200 0.116442300
8200 1.550248300
8200 0.001166900
8200 0.000622800
8200 0.073833600
8200 1.116405300
8200 0.000753200
8200 0.000628000
8200 0.035836800
8200 0.442911600
8200 0.001399300
8200 5.040288900
8200 5.027165900
8200 5.070643200
8200 5.095621900
8200 5.090815300
8200 5.089197500
8200 5.022681700
8400 5.292549400
8400 0.000612600
8400 4.944278200
8400 0.168366200
8400 4.942494100
8400 4.949726500
8400 4.948770000
8400 0.000676400
8400 0.000638500
8400 4.956642500
8400 0.001106400
8400 0.126018500
8400 1.623649200
8400 0.001049400
8400 0.002229600
8400 0.000630500
8400 0.121538900
8400 1.628276600
8400 0.001227400
8400 0.000642300
8400 0.083916500
8400 1.172431200
8400 0.000765900
8400 0.000608000
8400 0.031014100
8400 0.475931600
8400 0.000706200
8400 5.272495500
8400 5.256057100
8400 5.301282900
8400 5.266903800
8400 5.278082000
8400 5.271800800
8400 5.262933500
8600 5.531062400
8600 0.000630700
8600 5.184897200
8600 0.193982000
8600 5.180714400
8600 5.179690900
8600 5.177833100
8600 0.000725400
8600 0.000635900
8600 5.189427700
8600 0.000622100
8600 0.148444900
8600 1.693885400
8600 0.002016000
8600 0.001851000
8600 0.000616700
8600 0.122134800
8600 1.724367500
8600 0.002607600
8600 0.000654500
8600 0.087841700
8600 1.256050100
8600 0.001396600
8600 0.000672600
8600 0.049383500
8600 0.478674100
8600 0.001096400
8600 5.521449600
8600 5.515755700
8600 5.544384600
8600 5.589601000
8600 5.652555900
8600 5.576088900
8600 5.517851500
8800 5.783883700
8800 0.000675800
8800 5.422044000
8800 0.198504800
8800 5.425857000
8800 5.508572000
8800 5.417183200
8800 0.000706500
8800 0.000657100
8800 5.454891100
8800 0.000675200
8800 0.140093100
8800 1.774273500
8800 0.001202700
8800 0.002072900
8800 0.000669800
8800 0.131578100
8800 1.783621400
8800 0.001883700
8800 0.000689100
8800 0.097155900
8800 1.282132700
8800 0.001497100
8800 0.000688000
8800 0.038067600
8800 0.511860800
8800 0.001032800
8800 5.769144200
8800 5.804934000
8800 5.789650400
8800 5.790550000
8800 5.776108400
8800 5.764924000
8800 5.830299400
9000 6.080088500
9000 0.000671800
9000 5.676448000
9000 0.194611500
9000 5.682265200
9000 5.672508100
9000 5.676529200
9000 0.000796100
9000 0.000696700
9000 5.689148800
9000 0.000670400
9000 0.146626200
9000 1.868850400
9000 0.001284600
9000 0.003250900
9000 0.000673500
9000 0.153135500
9000 1.855522200
9000 0.001241100
9000 0.000654700
9000 0.101104000
9000 1.335062100
9000 0.000892500
9000 0.000672900
9000 0.036729200
9000 0.537657100
9000 0.000837000
9000 6.063840900
9000 6.045816800
9000 6.079727700
9000 6.084194600
9000 6.034237700
9000 6.032051600
9000 6.058908500
9200 6.330538100
9200 0.000676700
9200 5.938306700
9200 0.226746400
9200 5.941142800
9200 5.941017200
9200 5.932976300
9200 0.001163000
9200 0.000713200
9200 5.977391600
9200 0.000703900
9200 0.146960400
9200 1.964879500
9200 0.001933900
9200 12.727844700
9200 0.000682600
9200 0.123942900
9200 1.973448700
9200 0.001268500
9200 0.000668600
9200 0.113296000
9200 1.382607400
9200 0.000834700
9200 0.000672000
9200 0.035908100
9200 0.564753500
9200 0.000855900
9200 6.338369200
9200 6.324636200
9200 6.332044100
9200 6.326227100
9200 6.313572400
9200 6.333816000
9200 6.360223400
9400 6.603447200
9400 0.000695000
9400 6.196717600
9400 0.211315600
9400 6.176516700
9400 6.188376900
9400 6.203802900
9400 0.000752600
9400 0.000712800
9400 6.231496600
9400 0.000706100
9400 0.163109300
9400 2.034312000
9400 0.001294700
9400 0.004692200
9400 0.000711500
9400 0.165821300
9400 2.016372100
9400 0.002119800
9400 0.000706300
9400 0.117128800
9400 1.447469000
9400 0.000864500
9400 0.000740900
9400 0.052964700
9400 0.574990800
9400 0.001172800
9400 6.635470900
9400 6.665668200
9400 6.603369700
9400 6.607252700
9400 6.604675900
9400 6.625098300
9400 6.607796900
9600 6.892811000
9600 0.000699000
9600 6.466900300
9600 0.235527400
9600 6.455508800
9600 6.546939800
9600 6.462670100
9600 0.000740600
9600 0.000770300
9600 6.495189500
9600 0.000738400
9600 0.185896600
9600 2.095145700
9600 0.002013700
9600 0.002417600
9600 0.000709400
9600 0.160497000
9600 2.124346000
9600 0.003167300
9600 0.000716000
9600 0.120471900
9600 1.518722500
9600 0.001241000
9600 0.000726400
9600 0.049510700
9600 0.605380600
9600 0.000908800
9600 6.907264900
9600 6.883631000
9600 6.894828700
9600 6.917531500
9600 6.881115800
9600 6.917373000
9600 6.866792200
9800 7.191664400
9800 0.000757300
9800 6.722353400
9800 0.236627000
9800 6.724069700
9800 6.720430400
9800 6.759755100
9800 0.000740600
9800 0.000774300
9800 6.736583000
9800 0.000732800
9800 0.165805100
9800 2.208433200
9800 0.001490000
9800 15.391330900
9800 0.000734500
9800 0.175978300
9800 2.206923200
9800 0.001429800
9800 0.000952600
9800 0.128046100
9800 1.583537400
9800 0.001036400
9800 0.000740200
9800 0.047241400
9800 0.634792100
9800 0.000868600
9800 7.181329100
9800 7.195387800
9800 7.192192500
9800 7.189969100
9800 7.183584800
9800 7.180981800
9800 7.192156000
10000 7.449673800
10000 0.000750900
10000 7.018623100
10000 0.254696900
10000 6.980558500
10000 7.020824700
10000 7.016456600
10000 0.000819900
10000 0.000750400
10000 7.046609100
10000 0.000828200
10000 0.175598100
10000 2.307692000
10000 0.003047900
10000 0.004465200
10000 0.000770300
10000 0.158757300
10000 2.317896000
10000 0.002288400
10000 0.000771900
10000 0.133168000
10000 1.644535700
10000 0.001477900
10000 0.000767000
10000 0.039478100
10000 0.670175900
10000 0.000887900
10000 7.562301300
10000 7.469021600
10000 7.483856100
10000 7.490845300
10000 7.501043000
10000 7.503901800
10000 7.492161700
