200 0.000910000
200 0.000977700
200 0.000969300
200 0.000865300
200 0.001049300
200 0.000893200
200 0.001085500
200 0.000959800
200 0.001098000
200 0.001011600
200 0.000877700
200 0.001114300
200 0.001061900
200 0.000909900
200 0.000916600
200 0.000890200
200 0.000847100
200 0.000854800
200 0.000862600
200 0.000870100
200 0.000987700
200 0.000846600
200 0.000846600
200 0.000852000
200 0.000849800
200 0.000835600
200 0.001114200
200 0.000850300
200 0.000846600
200 0.000868000
200 0.000850400
200 0.000831800
200 0.000849700
400 0.002050900
400 0.001794300
400 0.001816700
400 0.001758300
400 0.001804000
400 0.001806500
400 0.001763600
400 0.001785800
400 0.001781900
400 0.002463400
400 0.001820300
400 0.002224000
400 0.001766400
400 0.001844500
400 0.001742800
400 0.001764500
400 0.001772100
400 0.001701900
400 0.001783600
400 0.001786600
400 0.002370500
400 0.001822400
400 0.002313000
400 0.002185400
400 0.002333300
400 0.001877700
400 0.001830300
400 0.001785300
400 0.001846700
400 0.002061500
400 0.002132300
400 0.001772600
400 0.001768700
600 0.002681900
600 0.003208000
600 0.002692700
600 0.002677100
600 0.002753500
600 0.002634100
600 0.002912800
600 0.002686300
600 0.002755200
600 0.002680000
600 0.002700200
600 0.002675100
600 0.002768900
600 0.002918200
600 0.002680300
600 0.002731300
600 0.002701800
600 0.002854300
600 0.002685400
600 0.002797400
600 0.002870200
600 0.003205500
600 0.003536500
600 0.003069500
600 0.003697400
600 0.002726200
600 0.002791700
600 0.003291600
600 0.003616200
600 0.003311700
600 0.002825800
600 0.003343000
600 0.002698500
800 0.003756800
800 0.003778700
800 0.003719500
800 0.003734400
800 0.003653600
800 0.003687700
800 0.003698400
800 0.004289400
800 0.003785100
800 0.003710400
800 0.004032400
800 0.003683600
800 0.003699900
800 0.003904900
800 0.003682200
800 0.003681800
800 0.003803000
800 0.003728900
800 0.003774700
800 0.003800900
800 0.003799600
800 0.003720900
800 0.003809800
800 0.003769000
800 0.003755500
800 0.003800700
800 0.003728400
800 0.003765300
800 0.003920100
800 0.003729800
800 0.003719200
800 0.003810300
800 0.003699600
1000 0.004401700
1000 0.005968600
1000 0.004423500
1000 0.005887300
1000 0.004468700
1000 0.004430700
1000 0.004627700
1000 0.004862500
1000 0.006413100
1000 0.004693300
1000 0.004512900
1000 0.004505500
1000 0.004562300
1000 0.004542900
1000 0.004590300
1000 0.004655200
1000 0.004608600
1000 0.004451500
1000 0.004541900
1000 0.004535000
1000 0.004441600
1000 0.004483900
1000 0.004502100
1000 0.004974600
1000 0.004664200
1000 0.006205300
1000 0.006487300
1000 0.006356400
1000 0.006460700
1000 0.006711000
1000 0.006949600
1000 0.005468400
1000 0.006161400
1200 0.005792400
1200 0.006438500
1200 0.006863200
1200 0.006660400
1200 0.005694100
1200 0.005607200
1200 0.006080600
1200 0.005591200
1200 0.005671300
1200 0.005565900
1200 0.005701300
1200 0.005605500
1200 0.005636500
1200 0.005670700
1200 0.005648900
1200 0.005771800
1200 0.005780300
1200 0.006049900
1200 0.005613500
1200 0.006397300
1200 0.005575600
1200 0.005867700
1200 0.005536400
1200 0.005771900
1200 0.005705000
1200 0.005844100
1200 0.005713500
1200 0.005682500
1200 0.005604000
1200 0.005685700
1200 0.006903600
1200 0.005748900
1200 0.005667000
1400 0.007092300
1400 0.006733100
1400 0.006846500
1400 0.006695000
1400 0.006902200
1400 0.006699500
1400 0.006675100
1400 0.006684100
1400 0.006753800
1400 0.006909300
1400 0.006784800
1400 0.006952100
1400 0.006828000
1400 0.007325900
1400 0.006773300
1400 0.007002600
1400 0.006743000
1400 0.006852600
1400 0.006835600
1400 0.006695400
1400 0.007005700
1400 0.006741200
1400 0.006874500
1400 0.006851700
1400 0.006808000
1400 0.006772000
1400 0.007463100
1400 0.006968500
1400 0.006721900
1400 0.006795000
1400 0.006766200
1400 0.006880900
1400 0.006765000
1600 0.007882500
1600 0.007837600
1600 0.007727500
1600 0.008240700
1600 0.007695700
1600 0.007781900
1600 0.007840500
1600 0.007760700
1600 0.007812600
1600 0.008060600
1600 0.008564700
1600 0.007585100
1600 0.008010400
1600 0.007832100
1600 0.007567600
1600 0.007680500
1600 0.007604900
1600 0.007774000
1600 0.007710400
1600 0.007569800
1600 0.007648700
1600 0.007693700
1600 0.007762300
1600 0.007688200
1600 0.007939200
1600 0.007908700
1600 0.007824900
1600 0.008035700
1600 0.007769600
1600 0.007784700
1600 0.008089500
1600 0.007838200
1600 0.007881000
1800 0.008843100
1800 0.008457600
1800 0.008532300
1800 0.008553900
1800 0.008376600
1800 0.008704300
1800 0.008878300
1800 0.008636300
1800 0.008723600
1800 0.008684400
1800 0.008539400
1800 0.008547600
1800 0.008674900
1800 0.008738200
1800 0.008663200
1800 0.009031300
1800 0.008595200
1800 0.008671700
1800 0.008690600
1800 0.008562300
1800 0.009141600
1800 0.010369000
1800 0.008745300
1800 0.008609300
1800 0.008632200
1800 0.008643100
1800 0.008496300
1800 0.008621800
1800 0.008744900
1800 0.008465300
1800 0.008553900
1800 0.008705800
1800 0.008516000
2000 0.009622600
2000 0.009455600
2000 0.009642200
2000 0.009348100
2000 0.009656100
2000 0.009589400
2000 0.009334600
2000 0.010365300
2000 0.009314100
2000 0.009551100
2000 0.009529200
2000 0.009273200
2000 0.009347100
2000 0.009348900
2000 0.009294600
2000 0.009466200
2000 0.009552700
2000 0.009511400
2000 0.009392600
2000 0.009960400
2000 0.010145000
2000 0.009619400
2000 0.009279600
2000 0.009678900
2000 0.009516300
2000 0.009500100
2000 0.009352800
2000 0.009513000
2000 0.009567400
2000 0.009274700
2000 0.009421400
2000 0.009662700
2000 0.009461300
2200 0.010646000
2200 0.010343600
2200 0.010416500
2200 0.010462800
2200 0.010528200
2200 0.010506800
2200 0.010349000
2200 0.010487400
2200 0.010410900
2200 0.010379600
2200 0.010581300
2200 0.010552200
2200 0.010432200
2200 0.010624800
2200 0.010543900
2200 0.010868600
2200 0.010473200
2200 0.010359000
2200 0.010334500
2200 0.010400200
2200 0.010374600
2200 0.010479800
2200 0.010543300
2200 0.010657100
2200 0.010688500
2200 0.010658700
2200 0.010450200
2200 0.010443500
2200 0.010660000
2200 0.010559600
2200 0.010655300
2200 0.010505000
2200 0.010493700
2400 0.011902800
2400 0.011655900
2400 0.011689200
2400 0.011702200
2400 0.011715200
2400 0.011688200
2400 0.011857300
2400 0.011848100
2400 0.011554800
2400 0.011821800
2400 0.011719000
2400 0.011703800
2400 0.011979800
2400 0.012013700
2400 0.011864000
2400 0.011576200
2400 0.011630000
2400 0.011464500
2400 0.011891000
2400 0.011719900
2400 0.011768000
2400 0.011914500
2400 0.011918000
2400 0.012031400
2400 0.011850300
2400 0.011734700
2400 0.011926100
2400 0.011736900
2400 0.011848200
2400 0.011762300
2400 0.011639100
2400 0.011877400
2400 0.011559700
2600 0.013383200
2600 0.012756700
2600 0.013100500
2600 0.012889800
2600 0.012823600
2600 0.013002000
2600 0.012979200
2600 0.013025400
2600 0.012844400
2600 0.012967900
2600 0.013025600
2600 0.012941600
2600 0.013173900
2600 0.012775000
2600 0.012864600
2600 0.012792500
2600 0.012964400
2600 0.013014700
2600 0.012946600
2600 0.012802200
2600 0.012832600
2600 0.012927000
2600 0.012957000
2600 0.013086500
2600 0.013020600
2600 0.013025200
2600 0.013061300
2600 0.013385200
2600 0.013040800
2600 0.013006400
2600 0.012948000
2600 0.013315800
2600 0.013267400
2800 0.014139200
2800 0.014090500
2800 0.014178900
2800 0.014309600
2800 0.014147400
2800 0.013979700
2800 0.013983000
2800 0.014119800
2800 0.014127200
2800 0.013886600
2800 0.014075600
2800 0.014064700
2800 0.014132800
2800 0.014174700
2800 0.014456700
2800 0.014279400
2800 0.014062300
2800 0.014451900
2800 0.014307900
2800 0.014362300
2800 0.014248700
2800 0.014178500
2800 0.014353100
2800 0.013834500
2800 0.014111700
2800 0.014100300
2800 0.014282600
2800 0.014349500
2800 0.014306800
2800 0.014292600
2800 0.014379300
2800 0.014205400
2800 0.014172800
3000 0.015321500
3000 0.015213200
3000 0.014916900
3000 0.015050000
3000 0.014744700
3000 0.014755500
3000 0.014707800
3000 0.015021400
3000 0.015138900
3000 0.015315700
3000 0.015196200
3000 0.015304200
3000 0.015089800
3000 0.014834200
3000 0.014739400
3000 0.014909600
3000 0.014911100
3000 0.014936600
3000 0.015080300
3000 0.015143800
3000 0.014949300
3000 0.015141300
3000 0.015390800
3000 0.015772500
3000 0.015110900
3000 0.015119400
3000 0.014998900
3000 0.015126500
3000 0.014857600
3000 0.014946600
3000 0.015180300
3000 0.015469600
3000 0.015205100
3200 0.016171600
3200 0.016187700
3200 0.016828200
3200 0.016057300
3200 0.015878600
3200 0.016523300
3200 0.015976600
3200 0.016310300
3200 0.016074300
3200 0.016156900
3200 0.016094500
3200 0.016142800
3200 0.016284300
3200 0.016418700
3200 0.016350700
3200 0.016008100
3200 0.016183900
3200 0.016050500
3200 0.016051600
3200 0.015926000
3200 0.015996700
3200 0.016395600
3200 0.016519400
3200 0.016315400
3200 0.016367600
3200 0.016326000
3200 0.016039500
3200 0.016085200
3200 0.016024700
3200 0.016042200
3200 0.016384400
3200 0.016658100
3200 0.016656800
3400 0.017225800
3400 0.017303000
3400 0.016681600
3400 0.016701900
3400 0.016589200
3400 0.016561700
3400 0.016815000
3400 0.016930700
3400 0.016825200
3400 0.016690200
3400 0.017249300
3400 0.016823500
3400 0.016705300
3400 0.016977100
3400 0.016913100
3400 0.017023100
3400 0.016692000
3400 0.017154700
3400 0.016875200
3400 0.016578200
3400 0.016642100
3400 0.016797500
3400 0.016836100
3400 0.016871400
3400 0.017138100
3400 0.017057600
3400 0.017115700
3400 0.016652400
3400 0.016783200
3400 0.017021600
3400 0.016708500
3400 0.017135300
3400 0.016782200
3600 0.017841000
3600 0.017826800
3600 0.017791800
3600 0.017741600
3600 0.017454700
3600 0.017728800
3600 0.017557200
3600 0.017822600
3600 0.017531800
3600 0.017846100
3600 0.018063800
3600 0.017887200
3600 0.018735700
3600 0.017832900
3600 0.018007000
3600 0.017698100
3600 0.017948700
3600 0.017852300
3600 0.017708400
3600 0.017529100
3600 0.017915800
3600 0.017949600
3600 0.017985600
3600 0.017649900
3600 0.017962200
3600 0.018101500
3600 0.018015700
3600 0.018117100
3600 0.018093800
3600 0.017643000
3600 0.017692700
3600 0.017855000
3600 0.018051000
3800 0.020137000
3800 0.018561400
3800 0.018595600
3800 0.018357200
3800 0.018570000
3800 0.018666300
3800 0.018184900
3800 0.018568000
3800 0.018717500
3800 0.018833800
3800 0.025210500
3800 0.019018400
3800 0.018569000
3800 0.018447900
3800 0.018483800
3800 0.018387100
3800 0.018255400
3800 0.018723800
3800 0.018547600
3800 0.018761400
3800 0.018886000
3800 0.018636200
3800 0.018539000
3800 0.018817900
3800 0.018755200
3800 0.018759900
3800 0.018500500
3800 0.018750800
3800 0.018972300
3800 0.018702500
3800 0.018851400
3800 0.018860000
3800 0.018780500
4000 0.019486200
4000 0.019513800
4000 0.019295500
4000 0.019172500
4000 0.019246800
4000 0.019201800
4000 0.019697400
4000 0.020389400
4000 0.019270500
4000 0.019315100
4000 0.019478200
4000 0.019232200
4000 0.019371800
4000 0.019546600
4000 0.019225500
4000 0.020293500
4000 0.019251400
4000 0.019517700
4000 0.019490200
4000 0.019370700
4000 0.019797300
4000 0.019422900
4000 0.019540400
4000 0.019693600
4000 0.019670700
4000 0.019912000
4000 0.019875800
4000 0.019538800
4000 0.019429500
4000 0.019793600
4000 0.020102400
4000 0.019688800
4000 0.020276600
4200 0.021214400
4200 0.021013400
4200 0.020132300
4200 0.021280800
4200 0.020443500
4200 0.020572300
4200 0.020255200
4200 0.020471400
4200 0.020293000
4200 0.020474900
4200 0.020694100
4200 0.020461800
4200 0.020544000
4200 0.020339800
4200 0.020282900
4200 0.020525400
4200 0.020735300
4200 0.021489300
4200 0.020700300
4200 0.020454800
4200 0.020666500
4200 0.020689100
4200 0.020528900
4200 0.020655000
4200 0.020792400
4200 0.020426700
4200 0.020813100
4200 0.020507000
4200 0.021045700
4200 0.020435600
4200 0.020752400
4200 0.020591900
4200 0.020592100
4400 0.021771100
4400 0.021697000
4400 0.021742500
4400 0.021693500
4400 0.021864700
4400 0.021849300
4400 0.021661200
4400 0.021888200
4400 0.021529400
4400 0.021630700
4400 0.022504100
4400 0.021675800
4400 0.021759000
4400 0.021803100
4400 0.022355300
4400 0.021843300
4400 0.022414200
4400 0.022420100
4400 0.021724000
4400 0.021957900
4400 0.022379500
4400 0.021854900
4400 0.022421700
4400 0.021875200
4400 0.021690800
4400 0.021649600
4400 0.022058600
4400 0.021887200
4400 0.022007800
4400 0.021890400
4400 0.021923900
4400 0.021837800
4400 0.021968800
4600 0.023349100
4600 0.023524100
4600 0.023195200
4600 0.023307500
4600 0.023169100
4600 0.023205200
4600 0.023005200
4600 0.023325700
4600 0.023141300
4600 0.022947000
4600 0.023081900
4600 0.023603900
4600 0.023187900
4600 0.023371600
4600 0.023825800
4600 0.023504700
4600 0.023139000
4600 0.023233100
4600 0.023154400
4600 0.023111600
4600 0.023363400
4600 0.023356400
4600 0.023616700
4600 0.023493300
4600 0.023138500
4600 0.023092000
4600 0.023652300
4600 0.023176700
4600 0.023151800
4600 0.023248400
4600 0.023039900
4600 0.023341100
4600 0.022951300
4800 0.024488200
4800 0.024222800
4800 0.024424300
4800 0.024313800
4800 0.023881600
4800 0.023953700
4800 0.024084800
4800 0.024326200
4800 0.024760800
4800 0.024288400
4800 0.024436600
4800 0.024516700
4800 0.024693000
4800 0.024691400
4800 0.024258700
4800 0.024534800
4800 0.024495500
4800 0.024352800
4800 0.024311400
4800 0.024643400
4800 0.024852200
4800 0.024401700
4800 0.024337900
4800 0.024244100
4800 0.024878800
4800 0.024752100
4800 0.024720100
4800 0.024330600
4800 0.024925800
4800 0.024476600
4800 0.024698500
4800 0.024606300
4800 0.024995500
5000 0.025810600
5000 0.026243300
5000 0.025700500
5000 0.025869700
5000 0.025405100
5000 0.026079700
5000 0.028792600
5000 0.025574100
5000 0.025821400
5000 0.025793200
5000 0.026494800
5000 0.025803400
5000 0.025864200
5000 0.026453800
5000 0.025805600
5000 0.025507500
5000 0.025630600
5000 0.026078300
5000 0.026201600
5000 0.025849600
5000 0.026034100
5000 0.026399800
5000 0.026004900
5000 0.026311800
5000 0.025867100
5000 0.025991200
5000 0.025928700
5000 0.025866500
5000 0.026111200
5000 0.025795600
5000 0.025691100
5000 0.025892900
5000 0.026115600
5200 0.031309800
5200 0.027041000
5200 0.026689100
5200 0.027170200
5200 0.027057400
5200 0.026684100
5200 0.027003200
5200 0.026893900
5200 0.026590000
5200 0.026754200
5200 0.026820600
5200 0.026689500
5200 0.027073900
5200 0.027697000
5200 0.027100800
5200 0.027271500
5200 0.026786400
5200 0.026579300
5200 0.026873400
5200 0.027024600
5200 0.026931400
5200 0.027902400
5200 0.026909400
5200 0.027142600
5200 0.026714800
5200 0.027038500
5200 0.027094500
5200 0.027201700
5200 0.026810700
5200 0.026888800
5200 0.026947100
5200 0.027165800
5200 0.027571300
5400 0.029284500
5400 0.028618300
5400 0.028436700
5400 0.028236500
5400 0.027848400
5400 0.028113400
5400 0.028088600
5400 0.028164100
5400 0.028559100
5400 0.028406200
5400 0.028345300
5400 0.028399900
5400 0.028224300
5400 0.028466600
5400 0.028297800
5400 0.028419600
5400 0.028613900
5400 0.028577600
5400 0.028524300
5400 0.028389900
5400 0.028214000
5400 0.028539100
5400 0.027842700
5400 0.027826400
5400 0.027956100
5400 0.028076100
5400 0.028477700
5400 0.028651100
5400 0.028508300
5400 0.028394900
5400 0.028493900
5400 0.028189900
5400 0.028413900
5600 0.029369100
5600 0.029492000
5600 0.029074600
5600 0.029706700
5600 0.029206300
5600 0.029043100
5600 0.029185300
5600 0.029319800
5600 0.028945800
5600 0.029191400
5600 0.028835000
5600 0.028998300
5600 0.029074600
5600 0.029259900
5600 0.029329000
5600 0.029477500
5600 0.030023300
5600 0.029687300
5600 0.029168400
5600 0.028833400
5600 0.029260900
5600 0.029190400
5600 0.029430700
5600 0.028815200
5600 0.028782800
5600 0.029057800
5600 0.029393500
5600 0.029519300
5600 0.029390100
5600 0.029112500
5600 0.029329100
5600 0.029840400
5600 0.029194600
5800 0.030194400
5800 0.030771900
5800 0.030610600
5800 0.030059000
5800 0.029545000
5800 0.029838500
5800 0.029936800
5800 0.031314200
5800 0.030666600
5800 0.030240300
5800 0.029750300
5800 0.030489100
5800 0.029918300
5800 0.030354200
5800 0.030388900
5800 0.030046400
5800 0.030326900
5800 0.030207900
5800 0.029633300
5800 0.030125100
5800 0.030032500
5800 0.030138000
5800 0.029969100
5800 0.030153700
5800 0.029782000
5800 0.030096200
5800 0.030420500
5800 0.030372400
5800 0.030414500
5800 0.030332300
5800 0.030928000
5800 0.030344200
5800 0.030290700
6000 0.031343200
6000 0.031336900
6000 0.030636300
6000 0.031781600
6000 0.031172500
6000 0.032810400
6000 0.033550700
6000 0.035104000
6000 0.033119100
6000 0.032637700
6000 0.031069800
6000 0.033348000
6000 0.032715900
6000 0.031919600
6000 0.031220400
6000 0.034556700
6000 0.031343500
6000 0.031825800
6000 0.031529500
6000 0.031654700
6000 0.031565500
6000 0.034338600
6000 0.031929200
6000 0.034767900
6000 0.031872700
6000 0.031786800
6000 0.031548600
6000 0.031375600
6000 0.033836500
6000 0.034175200
6000 0.036148500
6000 0.031646400
6000 0.031742800
6200 0.034744600
6200 0.032977500
6200 0.033043900
6200 0.039082700
6200 0.032683900
6200 0.034599800
6200 0.033037000
6200 0.033883400
6200 0.038353900
6200 0.037229100
6200 0.032365900
6200 0.033790200
6200 0.036870900
6200 0.033993800
6200 0.033364100
6200 0.032316400
6200 0.033244700
6200 0.036064000
6200 0.040384700
6200 0.034015000
6200 0.033097800
6200 0.033466200
6200 0.033045400
6200 0.032968900
6200 0.033540300
6200 0.033004200
6200 0.033948700
6200 0.032816400
6200 0.037191600
6200 0.039675600
6200 0.032754900
6200 0.032984700
6200 0.033785000
6400 0.034460100
6400 0.035779200
6400 0.034799500
6400 0.034095300
6400 0.033806800
6400 0.033267200
6400 0.039814600
6400 0.033595200
6400 0.034089500
6400 0.034628100
6400 0.034694900
6400 0.034018900
6400 0.040425700
6400 0.033454800
6400 0.034029300
6400 0.033932700
6400 0.033194300
6400 0.034036600
6400 0.033221700
6400 0.033808100
6400 0.035359000
6400 0.033991100
6400 0.033414600
6400 0.033869800
6400 0.035999700
6400 0.033600400
6400 0.033602700
6400 0.033449300
6400 0.037124800
6400 0.033975700
6400 0.033394900
6400 0.036623000
6400 0.039380000
6600 0.039033000
6600 0.035541300
6600 0.034727800
6600 0.039024500
6600 0.034894100
6600 0.035762200
6600 0.034317200
6600 0.034650200
6600 0.035832900
6600 0.035205800
6600 0.035225900
6600 0.037542700
6600 0.034233200
6600 0.034474000
6600 0.034396600
6600 0.034412000
6600 0.034100900
6600 0.034613800
6600 0.034958200
6600 0.033909700
6600 0.034092300
6600 0.034971600
6600 0.034022700
6600 0.034294700
6600 0.034275000
6600 0.034067800
6600 0.034618100
6600 0.035598600
6600 0.034572500
6600 0.034133900
6600 0.034458400
6600 0.034513800
6600 0.035316100
6800 0.035241200
6800 0.035063100
6800 0.034951800
6800 0.034612100
6800 0.036639200
6800 0.034670000
6800 0.034639200
6800 0.035493400
6800 0.034392600
6800 0.034882100
6800 0.035099700
6800 0.035064400
6800 0.035804600
6800 0.035479700
6800 0.034811000
6800 0.034835000
6800 0.034744800
6800 0.035351700
6800 0.034740900
6800 0.034355000
6800 0.034908300
6800 0.035492100
6800 0.034910800
6800 0.034504000
6800 0.035025000
6800 0.034528200
6800 0.035000500
6800 0.035067300
6800 0.036013700
6800 0.035804200
6800 0.034692700
6800 0.034950900
6800 0.035105200
7000 0.036369200
7000 0.036394400
7000 0.035790600
7000 0.035599800
7000 0.035925100
7000 0.036374200
7000 0.036489100
7000 0.036623400
7000 0.035537800
7000 0.035946400
7000 0.036132700
7000 0.036020900
7000 0.035910300
7000 0.036304700
7000 0.036261200
7000 0.036224800
7000 0.036595100
7000 0.036391200
7000 0.035753300
7000 0.035574800
7000 0.035681100
7000 0.035895000
7000 0.036002200
7000 0.035741800
7000 0.035985700
7000 0.036524900
7000 0.035877500
7000 0.035916300
7000 0.036171900
7000 0.036624900
7000 0.035784400
7000 0.035889000
7000 0.035998100
7200 0.038653300
7200 0.037781200
7200 0.036580600
7200 0.036749600
7200 0.036631400
7200 0.036804200
7200 0.037063400
7200 0.036939700
7200 0.036716900
7200 0.037279200
7200 0.037195000
7200 0.037525500
7200 0.037057800
7200 0.036741800
7200 0.037778900
7200 0.037394400
7200 0.036841000
7200 0.038012800
7200 0.036742000
7200 0.036955200
7200 0.036529500
7200 0.037236900
7200 0.037395600
7200 0.037790000
7200 0.037322300
7200 0.036944800
7200 0.037363900
7200 0.036853200
7200 0.037747100
7200 0.037081100
7200 0.037593400
7200 0.036520200
7200 0.036846300
7400 0.037861300
7400 0.038105100
7400 0.037794700
7400 0.037973700
7400 0.037636000
7400 0.038657800
7400 0.037626500
7400 0.038420000
7400 0.038500800
7400 0.037908500
7400 0.037872900
7400 0.037748500
7400 0.038953600
7400 0.038813200
7400 0.039016700
7400 0.039485400
7400 0.037808200
7400 0.038437800
7400 0.038174100
7400 0.046865100
7400 0.037713900
7400 0.038186400
7400 0.038042000
7400 0.039616100
7400 0.038247100
7400 0.038251400
7400 0.038172400
7400 0.038135800
7400 0.040251000
7400 0.038127500
7400 0.039614700
7400 0.041625900
7400 0.037961900
7600 0.039432800
7600 0.038643900
7600 0.038374000
7600 0.039048300
7600 0.038214800
7600 0.040484800
7600 0.038745000
7600 0.039846200
7600 0.039349500
7600 0.039358500
7600 0.038326600
7600 0.041451300
7600 0.039107300
7600 0.038841300
7600 0.038566600
7600 0.039280800
7600 0.038727000
7600 0.039242800
7600 0.038295600
7600 0.038407300
7600 0.039073200
7600 0.038945400
7600 0.038829900
7600 0.038699400
7600 0.039260900
7600 0.038801500
7600 0.039340400
7600 0.039234200
7600 0.039185100
7600 0.038356600
7600 0.038610800
7600 0.038802100
7600 0.039041800
7800 0.039506000
7800 0.039409600
7800 0.039263600
7800 0.039596400
7800 0.039324800
7800 0.038966400
7800 0.039260900
7800 0.039665400
7800 0.039413000
7800 0.039504200
7800 0.039728900
7800 0.039844300
7800 0.040180100
7800 0.040230300
7800 0.039700500
7800 0.039630500
7800 0.039661000
7800 0.040049300
7800 0.039947700
7800 0.040533400
7800 0.040727100
7800 0.039938300
7800 0.039648900
7800 0.039751500
7800 0.040397000
7800 0.039496700
7800 0.039626400
7800 0.040237400
7800 0.040000600
7800 0.040098400
7800 0.040336600
7800 0.040467300
7800 0.040870000
8000 0.041239600
8000 0.040601700
8000 0.039980800
8000 0.040148200
8000 0.040208900
8000 0.040231100
8000 0.040313700
8000 0.040767900
8000 0.040187700
8000 0.039938100
8000 0.040620200
8000 0.040465500
8000 0.040810300
8000 0.040626500
8000 0.041103000
8000 0.040601200
8000 0.039971400
8000 0.040225100
8000 0.040962600
8000 0.039966300
8000 0.040790000
8000 0.040411800
8000 0.040458900
8000 0.040581800
8000 0.041073600
8000 0.041643500
8000 0.040526400
8000 0.040372700
8000 0.041001600
8000 0.040730000
8000 0.040674800
8000 0.040768000
8000 0.040754900
8200 0.041430000
8200 0.041494300
8200 0.041452100
8200 0.040564500
8200 0.040573100
8200 0.040783600
8200 0.040736000
8200 0.041616000
8200 0.040682800
8200 0.040582800
8200 0.040415800
8200 0.040968900
8200 0.041790800
8200 0.041160600
8200 0.041084800
8200 0.041157200
8200 0.042520700
8200 0.041312500
8200 0.042025900
8200 0.041423700
8200 0.041048600
8200 0.041989000
8200 0.041378400
8200 0.041757100
8200 0.041479100
8200 0.042276500
8200 0.041810300
8200 0.041301700
8200 0.041699100
8200 0.040865000
8200 0.041260000
8200 0.041238100
8200 0.041191200
8400 0.042685100
8400 0.042752300
8400 0.042682000
8400 0.042129700
8400 0.042674800
8400 0.042091500
8400 0.042325100
8400 0.042718300
8400 0.042390300
8400 0.042015200
8400 0.041856200
8400 0.042358100
8400 0.042245500
8400 0.042816400
8400 0.042947400
8400 0.042478500
8400 0.042344600
8400 0.044630700
8400 0.043903600
8400 0.042892300
8400 0.043019600
8400 0.043177100
8400 0.042614300
8400 0.043372300
8400 0.042397600
8400 0.043187000
8400 0.042488900
8400 0.042960700
8400 0.042854400
8400 0.043839100
8400 0.042738000
8400 0.042346000
8400 0.043449500
8600 0.043934800
8600 0.043953400
8600 0.043105500
8600 0.043800800
8600 0.043794400
8600 0.043541600
8600 0.043391600
8600 0.043720600
8600 0.043318100
8600 0.043488200
8600 0.043753200
8600 0.043525300
8600 0.043554700
8600 0.044324700
8600 0.045008700
8600 0.043684000
8600 0.043448300
8600 0.043926700
8600 0.043855500
8600 0.044415900
8600 0.043280000
8600 0.045158600
8600 0.043036400
8600 0.043632500
8600 0.044578000
8600 0.043842600
8600 0.043782900
8600 0.043768000
8600 0.043927600
8600 0.043413700
8600 0.043840600
8600 0.044260200
8600 0.044698000
8800 0.045774000
8800 0.045135900
8800 0.044836500
8800 0.045178000
8800 0.045186900
8800 0.044791300
8800 0.044498700
8800 0.045564300
8800 0.045887800
8800 0.045190100
8800 0.045117100
8800 0.045008600
8800 0.045417000
8800 0.045497100
8800 0.045072400
8800 0.045346900
8800 0.045538900
8800 0.045410400
8800 0.045950600
8800 0.045600100
8800 0.045596600
8800 0.045522500
8800 0.045855300
8800 0.045409800
8800 0.045309300
8800 0.045224900
8800 0.046538400
8800 0.045585800
8800 0.045100800
8800 0.046143000
8800 0.045957900
8800 0.045395900
8800 0.045774600
9000 0.046721400
9000 0.046602300
9000 0.046136200
9000 0.046700400
9000 0.046819100
9000 0.046007900
9000 0.046283800
9000 0.046646000
9000 0.046605400
9000 0.047686400
9000 0.046776300
9000 0.046740400
9000 0.048121200
9000 0.046979400
9000 0.046580500
9000 0.046651600
9000 0.047432400
9000 0.047146800
9000 0.047281500
9000 0.046482600
9000 0.047098500
9000 0.047546300
9000 0.047300800
9000 0.047050200
9000 0.046783300
9000 0.046932100
9000 0.046985800
9000 0.047024000
9000 0.047017000
9000 0.047534600
9000 0.046832500
9000 0.046849400
9000 0.048810300
9200 0.051562500
9200 0.050142900
9200 0.050209900
9200 0.048781800
9200 0.051544000
9200 0.048979500
9200 0.047962900
9200 0.049642400
9200 0.048347200
9200 0.048507100
9200 0.049564700
9200 0.049750500
9200 0.049264300
9200 0.049522700
9200 0.050782300
9200 0.049165800
9200 0.049101000
9200 0.049277500
9200 0.049094300
9200 0.049257500
9200 0.048126500
9200 0.048650400
9200 0.049839300
9200 0.050349500
9200 0.049129500
9200 0.049941900
9200 0.048686500
9200 0.048802500
9200 0.050684100
9200 0.049485600
9200 0.048690000
9200 0.049883400
9200 0.048660000
9400 0.052216600
9400 0.050897800
9400 0.049185000
9400 0.049813500
9400 0.049137300
9400 0.050408400
9400 0.049102500
9400 0.049665700
9400 0.049621200
9400 0.051024700
9400 0.050983700
9400 0.050538800
9400 0.050463000
9400 0.053718900
9400 0.049787400
9400 0.050336500
9400 0.049447100
9400 0.049917000
9400 0.050462600
9400 0.049121500
9400 0.050152000
9400 0.050129100
9400 0.050002700
9400 0.049806000
9400 0.049202000
9400 0.050055800
9400 0.049481000
9400 0.049763100
9400 0.049546300
9400 0.049891600
9400 0.049373600
9400 0.049605800
9400 0.050619400
9600 0.052044000
9600 0.050662400
9600 0.050338100
9600 0.051296100
9600 0.051288200
9600 0.052927800
9600 0.051068000
9600 0.051276200
9600 0.050106600
9600 0.051526200
9600 0.050936700
9600 0.050576800
9600 0.051345500
9600 0.050707800
9600 0.050549700
9600 0.050834200
9600 0.051389200
9600 0.050663200
9600 0.050670600
9600 0.050217400
9600 0.050753500
9600 0.050460600
9600 0.050262900
9600 0.050909900
9600 0.050861800
9600 0.050703200
9600 0.050485200
9600 0.051687800
9600 0.052199500
9600 0.050966000
9600 0.050919000
9600 0.051955800
9600 0.051334200
9800 0.052096700
9800 0.052083800
9800 0.052127000
9800 0.051728200
9800 0.051693500
9800 0.051554100
9800 0.052365300
9800 0.052881000
9800 0.051699200
9800 0.051813600
9800 0.053146000
9800 0.051932000
9800 0.051918200
9800 0.052852900
9800 0.052205600
9800 0.051696400
9800 0.052178500
9800 0.051561300
9800 0.051854400
9800 0.051977800
9800 0.052945100
9800 0.051621000
9800 0.051858800
9800 0.052941800
9800 0.051653800
9800 0.051936100
9800 0.051945500
9800 0.052600600
9800 0.052494800
9800 0.052621300
9800 0.052461000
9800 0.053370400
9800 0.052357400
10000 0.054123900
10000 0.053768800
10000 0.053999000
10000 0.054124600
10000 0.053898600
10000 0.053227000
10000 0.052863900
10000 0.054183500
10000 0.054407300
10000 0.055553300
10000 0.053928600
10000 0.054706500
10000 0.053915800
10000 0.054609000
10000 0.053835600
10000 0.053833400
10000 0.053454000
10000 0.054331400
10000 0.054094700
10000 0.054099400
10000 0.053397400
10000 0.054446500
10000 0.053795400
10000 0.053714200
10000 0.053253200
10000 0.053561700
10000 0.054230100
10000 0.054487600
10000 0.053870100
10000 0.054409000
10000 0.053757300
10000 0.055520300
10000 0.056219600
